phone,name
8482818261,r
9637701684,r
9131373970,r
8379040099,r
8805939880,r
7387877995,r
9552207762,r
7745048132,r
9834783368,r
7773902534,r
8149717388,r
8989810100,r
9644464597,r
9657831974,r
9657831974,r
9096823220,r
9021386812,r
7875483801,r
9028030379,r
9322759775,r
9322759775,r
9028030379,r
7888169511,r
8349684108,r
9588069518,r
8806403742,r
8308458512,r
7083550319,r
7058323740,r
8624071131,r
9422322255,r
7400081222,r
7498071177,r
7507683359,r
7559164239,r
7588233504,r
7588253074,r
7666922654,r
7720060678,r
7743988901,r
9823414608,r
9833781437,r
9850167563,r
9850488550,r
9860401464,r
9860475023,r
9860771600,r
9869855953,r
9881499133,r
9881563126,r
9923320122,r
9923434483,r
9923448000,r
9960069717,r
9960451797,r
9960838415,r
9967882888,r
9970071265,r
9970340413,r
9975249674,r
8275303936,r
8275802012,r
8308002266,r
8308223554,r
8329424222,r
8329801122,r
8378860201,r
8380009729,r
8380854279,r
8623871747,r
8669780923,r
8766008487,r
8767761018,r
8779696740,r
8796613183,r
8806713131,r
8830129854,r
8830191263,r
8830947627,r
7057952993,r
7058857388,r
7066727064,r
7218045579,r
7218314139,r
7219712064,r
7276150645,r
7276272678,r
7350026455,r
9021883935,r
9022738415,r
9022833567,r
9028130321,r
9028478741,r
9028512858,r
9028741235,r
9049234737,r
9049397952,r
8830947627,r
8888156987,r
8928769813,r
8975544422,r
8975606325,r
9011093136,r
9021321210,r
9021663010,r
9545380722,r
9552552019,r
9552573577,r
9552689321,r
9579258349,r
9604003428,r
9604525550,r
9604534470,r
9604676906,r
7798986451,r
8743017890,r
7843017890,r
7875442771,r
7875781517,r
7887569149,r
7888042611,r
8007258252,r
8007999264,r
8010350346,r
8390817082,r
8421507207,r
8446358536,r
8483954508,r
8484050573,r
8600101091,r
8600149468,r
8600733365,r
8605526747,r
8623871747,r
8080029080,r
8087602086,r
8149138026,r
8208423720,r
8237863262,r
8261083365,r
8263831002,r
8271018512,r
8275303936,r
7758989915,r
7758994492,r
7769942986,r
7769973994,r
7774005826,r
7774080393,r
7774803585,r
7774890130,r
7796732806,r
9405384905,r
9413666423,r
9422301781,r
9422323902,r
9422522275,r
9422773589,r
9503000945,r
9503133847,r
9527621287,r
9763264103,r
9764045478,r
9765180232,r
9765574826,r
9767721000,r
9819771232,r
9820387633,r
9822645892,r
9823090806,r
9823414608,r
9881563126,r
9890909007,r
9922897759,r
9922992321,r
9923320122,r
9923434483,r
9923448000,r
9960069717,r
9960451797,r
9960838415,r
9156289272,r
8158376263,r
9168513701,r
9172415907,r
9209391537,r
9309898740,r
9322072155,r
9322354015,r
9325796326,r
9326009729,r
9326653089,r
9356790586,r
9356945516,r
9359046037,r
9370440640,r
9373739985,r
9403479029,r
9405384905,r
9049397952,r
9049827107,r
9049873314,r
9067433178,r
,
9109454027,0
9130828804,0
9145255457,0
9145411250,0
9156289272,0
7507387069,0
7972523206,0
7030230822,0
7038345279,0
7040334726,0
7057043033,0
7057357300,0
7257434376,0
7057957993,0
9619641794,0
9623263644,0
9623744158,0
9623912410,0
9657137222,0
9657434735,0
9669820866,0
9699286417,0
9732441060,0
9763364103,0
8668901891,0
9307183240,0
7410169666,0
7745006027,0
8378993132,0
9921096804,0
8623937711,0
9921615398,0
9270740492,0
9529744509,0
9511693126,0
9503016762,0
9638450670,0
7588793278,0
9664556718,0
9766908419,0
8208811022,0
8624077552,0
9145140403,0
8237162629,0
9921932573,0
9922856291,0
7058043375,0
9673456013,0
7767857787,0
9764552952,0
8882167505,0
9920726802,0
9623094084,0
9975907284,0
8530934141,0
7905498955,0
9764945684,0
9049010475,0
9987464744,0
8446713271,0
9850966342,0
9075827824,0
8879252557,0
8390687111,0
8390734748,0
8390896096,0
8390923854,0
8401406843,0
8407993176,0
8408058415,0
8411085995,0
8411085995,0
8412008807,0
8421116090,0
8446262695,0
8459342963,0
8459723284,0
9960769310,0
7756876747,0
9168007303,0
9096662496,0
7219712189,0
7028726604,0
9028044126,0
9822568377,0
8878753593,0
9011672341,0
8669317311,0
9765661844,0
7875991955,0
8468971097,0
8482947240,0
8483858225,0
8484055661,0
8485007778,0
8511466453,0
8511813889,0
8545083333,0
8550932007,0
8550999930,0
8551019178,0
8551934552,0
8552987857,0
8130671090,0
9922431821,0
7020579572,0
9518378336,0
9168301405,0
9850892166,0
9284090014,0
9754217237,0
8788107701,0
9302732897,0
8698733631,0
9158370204,0
9970968110,0
9972012604,0
9974602939,0
9975413543,0
9975728927,0
9981139154,0
9997019688,0
9998359561,0
9999301033,0
8554823866,0
8554925503,0
8554962665,0
8600044707,0
8600070160,0
8600227411,0
8600324712,0
8602000403,0
8602131938,0
8605112525,0
8605271419,0
8605589329,0
8605676208,0
9284522004,0
8600104626,0
9970381272,0
9890369921,0
7757045877,0
9359526133,0
9131401870,0
9423062217,0
9322643878,0
8329121326,0
7378669095,0
9561366219,0
8446447816,0
9960444729,0
9960468379,0
9962708688,0
9962714992,0
9969267269,0
9969361751,0
9966671075,0
9970566202,0
9970735496,0
9970968110,0
9972012604,0
9974602939,0
9975413543,0
8605707116,0
8605741275,0
8624096996,0
8624906463,0
8625813228,0
8655206384,0
8657544997,0
8668227841,0
8668587397,0
8668597722,0
8669164082,0
9889375202,0
8669661910,0
9922449258,0
9922551878,0
9922581003,0
9922674444,0
9922912807,0
9922913351,0
9922915066,0
9923004701,0
9923273355,0
9923360048,0
9923596991,0
9925130111,0
9925713088,0
9075397501,0
9923422633,0
9860168615,0
9970435111,0
8806549942,0
7030890214,0
7498182740,0
9518518496,0
9226135565,0
9172546580,0
9822415701,0
8600119065,0
9920927971,0
9890222096,0
9890325626,0
9890576225,0
9890865850,0
9892388001,0
9892634314,0
9905838080,0
9920525053,0
9920906223,0
9921989846,0
9922085745,0
9922111183,0
9922250734,0
9763911195,0
9406814155,0
8340451483,0
8007444403,0
8420938811,0
9964383009,0
9075360661,0
8600486220,0
9013053326,0
8805443124,0
7038489779,0
9028200523,0
8830988538,0
8669677854,0
8669780856,0
8686487171,0
8698105252,0
8698388656,0
8698483662,0
8698666555,0
8740017024,0
8747048631,0
8766405851,0
8766439620,0
8766805320,0
8766907579,0
8767295273,0
8767961971,0
8770128636,0
8788030851,0
8788138189,0
8788181011,0
8788193493,0
8788316080,0
8788429343,0
8788506739,0
8788794256,0
8793334095,0
8793374302,0
8484874867,0
7721026250,0
7447678831,0
6302259274,0
7000851875,0
7972919456,0
8793840041,0
7020857262,0
9763709625,0
8275583207,0
9973075938,0
8805467928,0
7387940622,0
9870986131,0
9874596348,0
9881063905,0
9881095990,0
9881156530,0
9881304881,0
9881310000,0
9881568369,0
9881701919,0
9881900257,0
9888713546,0
9890106923,0
9890124702,0
9834196895,0
8378039200,0
9428140164,0
8888868006,0
8888946090,0
8928794220,0
8956116573,0
8956422502,0
8956648532,0
8957804140,0
8963956662,0
8975013095,0
8975015992,0
8975073072,0
8975118100,0
8975144160,0
9770718928,0
9819883663,0
9820439082,0
9820880109,0
9821116357,0
9822016883,0
9822098400,0
9822289056,0
9822692715,0
9822741923,0
9822750729,0
9823260454,0
9823636264,0
8830404954,0
8855036277,0
8859844636,0
8871139919,0
8874223389,0
8888002442,0
8888242840,0
8888290639,0
8888398033,0
8888651755,0
8888811596,0
8888817517,0
8888826388,0
6003297689,0
6261349212,0
6264274253,0
6266942286,0
9268366933,0
8793621997,0
8796252879,0
8796374123,0
8805000932,0
8805056337,0
8805517485,0
8805647021,0
8806436292,0
8817301092,0
8818883069,0
8826547823,0
8830176323,0
8830309588,0
6281136248,0
6366220555,0
6375686320,0
6393443521,0
6394543197,0
7000144012,0
7020103414,0
7020508766,0
7020922614,0
7023899526,0
7024426438,0
7025062333,0
7028210170,0
9021381488,0
9021678787,0
9021815620,0
9022820869,0
9028014070,0
9028520977,0
9028664002,0
9028747793,0
9033331268,0
9049023214,0
9049169338,0
9049340111,0
9049414584,0
7028444945,0
7028633708,0
7028769276,0
7030110445,0
7030252388,0
7030453939,0
7030625026,0
7030723236,0
7032345680,0
7038187133,0
7038453988,0
7040099406,0
7045255124,0
9003839873,0
9010829053,0
9011001517,0
9011012210,0
9011078414,0
9011099484,0
9011272386,0
9011523102,0
9011613532,0
9011738805,0
9011761779,0
9011911720,0
9021005928,0
7045963422,0
7046642276,0
7057241192,0
7057607046,0
7058098350,0
7058148038,0
7058364487,0
7058934282,0
7058972809,0
7066003660,0
7066162909,0
7066850688,0
7066873450,0
9130342887,0
9130576985,0
9130656248,0
9130866782,0
9127782304,0
9140726094,0
91452176172,0
9145279998,0
9145635384,0
9146137827,0
9146150877,0
9146558873,0
9155892115,0
7083335931,0
7083503793,0
7083616897,0
7083912006,0
7205830764,0
7218081426,0
7218109480,0
7218829501,0
7219104552,0
7219510691,0
7219769745,0
7219781391,0
7224944332,0
9075906800,0
9082828992,0
9096100223,0
9096156965,0
9096528289,0
9096627038,0
9096785985,0
9096847938,0
9112143405,0
9112271993,0
9112316790,0
9112348473,0
9130084301,0
9049433327,0
9049643380,0
9049874233,0
9060792701,0
9067137681,0
9067226626,0
9067418835,0
9067559349,0
9075099555,0
9075120569,0
9075128248,0
9075248311,0
9075270703,0
7235042392,0
7249394599,0
7261905993,0
7262811995,0
7263016203,0
7263036312,0
7263983988,0
8264022622,0
7276222299,0
7276576511,0
7276596809,0
7276628801,0
7302201300,0
8975314771,0
8975488834,0
8975694825,0
8975803270,0
8983155749,0
8988377851,0
8983580367,0
8983626030,0
8989504969,0
8999073157,0
8999151380,0
8999352929,0
8999639797,0
9176618189,0
9179734976,0
9226916316,0
9265639913,0
9272075766,0
9284178153,0
9284182335,0
9284322423,0
9284408673,0
9284635530,0
9307795798,0
9309288909,0
9309293445,0
7304196126,0
7350279344,0
7350846783,0
7355321968,0
7356629347,0
7378402614,0
7378742491,0
7378928808,0
7385376902,0
7385521428,0
7387870866,0
7387361436,0
7391868453,0
9167604070,0
9167639830,0
9167784578,0
9167932655,0
9168188500,0
9168898232,0
9171249654,0
9172154821,0
9172385160,0
9172462212,0
9175481227,0
9175859271,0
9175948016,0
7398769747,0
7400129091,0
7410718383,0
7414933683,0
7415807141,0
7420908111,0
7447405577,0
7447466013,0
7447497292,0
7447655317,0
7447878525,0
7448116894,0
7499387241,0
9156139087,0
9156243896,0
9156296643,0
9156357846,0
9156592101,0
9156749599,0
9156891750,0
9158020264,0
9158416683,0
9158518881,0
9158607578,0
9167066627,0
9167313291,0
9404052375,0
9404231032,0
9404413107,0
9404953953,0
9405535293,0
9407553547,0
9408771041,0
9408853638,0
9414649962,0
9420493311,0
9420644691,0
9421722531,0
9422094350,0
7507350193,0
7507359175,0
7507918059,0
7517052999,0
7517301052,0
7558361007,0
7559342613,0
7580880603,0
7588202563,0
7588284503,0
7588288620,0
7588359059,0
7588770513,0
9365508881,0
9370624766,0
9372344473,0
9373246406,0
9373630581,0
9403299844,0
9403343738,0
9403360201,0
9403422063,0
9403620594,0
9403699715,0
9403866548,0
9404047169,0
7721053097,0
7721881533,0
7722037575,0
7722037903,0
7722040575,0
7728037124,0
7733867159,0
7733992222,0
7741090607,0
7743861208,0
7743988901,0
7744910776,0
7744971790,0
9309360618,0
9309507906,0
9325327151,0
9325592769,0
9325799836,0
9326166696,0
9326551484,0
9345818739,0
9356211636,0
9356484280,0
9359205815,0
9359621957,0
9359891818,0
9529395995,0
9535351450,0
9545426110,0
9545556151,0
9545653763,0
9545665557,0
9545968646,0
9549658884,0
9552020671,0
9552129777,0
9552151139,0
9552559666,0
9552583043,0
7702222419,0
7709410488,0
7709430812,0
7709434926,0
7709505564,0
7709668874,0
7718046123,0
7718073669,0
7719010678,0
7719837039,0
7719985654,0
7720079929,0
7720093839,0
9503734767,0
9508823928,0
9510481799,0
9511636416,0
9511752389,0
9511873961,0
9512604149,0
9518365571,0
9527045962,0
9527161152,0
9527447414,0
9527506844,0
9527621287,0
9588787900,0
7598672970,0
7620043965,0
7620213723,0
7620229080,0
7620280578,0
7620572166,0
7620701792,0
7666122755,0
7666388211,0
7666654424,0
7666701295,0
7692843278,0
9422193124,0
9422565725,0
9422987587,0
9423725600,0
9426671700,0
9444901308,0
9467777146,0
9470386689,0
9483660846,0
9503019581,0
9503022522,0
9503228928,0
9503670494,0
7875671474,0
7887526965,0
788847962,0
7894455407,0
7972188879,0
7972192168,0
7972454401,0
7972465402,0
7972707569,0
7975148985,0
7987086602,0
7987539699,0
7990773569,0
9552589532,0
9555498992,0
9559327312,0
9561230882,0
9561671960,0
9566053638,0
9579459370,0
9579626168,0
9579989510,0
9588427319,0
9595679111,0
9599874302,0
9604241088,0
9604249838,0
9604725778,0
9607048883,0
9607265207,0
9607341384,0
9619238509,0
9619539670,0
9619928207,0
9623626773,0
9630966078,0
9637895222,0
9637907770,0
9657051195,0
7776840096,0
7776859813,0
7776977734,0
7796693118,0
7798006089,0
7798076011,0
7798298784,0
7798529582,0
7798627645,0
7828695654,0
7843016127,0
7869113413,0
7875245135,0
9657113316,0
9567336409,0
9657436568,0
9657436568,0
7657470636,0
9657472817,0
9657683824,0
9657965191,0
9664989240,0
9665385245,0
9665948023,0
9669501777,0
9669582885,0
9670132875,0
9765388554,0
9765597509,0
9765634518,0
9766030592,0
9766044909,0
9766678739,0
9766686776,0
9766747966,0
9767012343,0
9767184868,0
9767231705,0
9767581742,0
9770235244,0
9752892825,0
9753763134,0
9757438876,0
9762506115,0
9762533905,0
9762542245,0
9763462997,0
9763489048,0
9763750957,0
9764237443,0
9764237443,0
9764438469,0
9765005734,0
9765341073,0
7757012665,0
7757014272,0
7757057174,0
7758903810,0
7762990183,0
7767821897,0
7767983160,0
7769973573,0
7769989682,0
7770029045,0
7774961054,0
7775834753,0
7775943579,0
8109684587,0
8149102867,0
8149310798,0
8170937562,0
8180099479,0
7191028579,0
8208040480,0
8208219811,0
8208292332,0
8208316044,0
8208363993,0
8208943950,0
