phone,name
9623993814,0
8669964661,0
9403462668,0
9516516794,0
7741837454,0
9049993700,0
7447821774,0
9145297928,0
8329122061,0
9158573178,0
8379034985,0
8007368644,0
7218081426,0
8378967049,0
8983377851,0
9545551455,0
8793602139,0
9619715774,0
9049151307,0
8626095359,0
9975877700,0
7887700667,0
8917686278,0
7770011891,0
8007866245,0
7875966245,0
8830128386,0
7756028386,0
7756045349,0
7447603495,0
7743853052,0
7709391867,0
7350615543,0
8638112508,0
9559447599,0
9096762194,0
8806390698,0
8788966192,0
9834723594,0
9325595827,0
7321898124,0
9975126143,0
9112899777,0
9100230742,0
9860966804,0
9767417114,0
9819664555,0
8237308692,0
9156543947,0
9561699506,0
8806886254,0
7218744257,0
7378384909,0
9423005533,0
9607048883,0
7448230396,0
9922461443,0
8530709303,0
7040866265,0
9405753765,0
9168699605,0
9049008279,0
7276085668,0
7017804432,0
7020098969,0
7020308577,0
7020335510,0
7020360841,0
7020707001,0
7020800199,0
7021415588,0
7021942961,0
7023083904,0
7025062333,0
7030018893,0
7030252388,0
7030330339,0
7030473600,0
7030589656,0
7030625089,0
7038112877,0
7038978258,0
7057021392,0
7057025387,0
7057105472,0
7057278323,0
7057397647,0
7057631768,0
7057667369,0
7057985856,0
7058063999,0
7058214222,0
7058267478,0
7058295401,0
7058587856,0
7066232727,0
7076032740,0
7079099009,0
7083282101,0
7208401932,0
7218006119,0
7218422581,0
7219020134,0
7219357170,0
7219560222,0
7231097861,0
7248950599,0
7248994834,0
7249087077,0
7249772762,0
7249813609,0
7259197909,0
7259560118,0
7263036312,0
7276264496,0
7518899246,0
7558401162,0
7559134294,0
7559459780,0
7587520661,0
7588284503,0
7588297464,0
7588359039,0
7588744816,0
7607000760,0
7620209424,0
7620956956,0
7620972123,0
7448242007,0
7470964640,0
7498263470,0
7498711689,0
7499383139,0
7506694595,0
7506694595,0
7507200096,0
7507237415,0
7507324296,0
7507773467,0
7507835630,0
7517510606,0
7517562500,0
7276264496,0
7276593105,0
7276696501,0
7276718853,0
7276846509,0
7276873243,0
7350194086,0
7350517609,0
7378707987,0
7378783300,0
7378905880,0
7385330309,0
7387008821,0
7387951762,0
7397869747,0
7397903078,0
7409869661,0
7410596611,0
7415229090,0
7420877766,0
7420889296,0
7447274816,0
7447317960,0
7447380683,0
7447678831,0
7447855959,0
7666122755,0
7666507889,0
7666519305,0
7666559130,0
7666795271,0
7666814313,0
7666977837,0
7703886223,0
7707000909,0
7709115933,0
7709434926,0
7709725946,0
7709925677,0
7719985654,0
7720004066,0
7720079929,0
7722028304,0
7722051207,0
7735759807,0
7735850709,0
7741847959,0
7741953456,0
7743861208,0
7744861208,0
7744859172,0
7744898418,0
7744899719,0
7744909314,0
7755931597,0
7757001552,0
7758996817,0
7768022006,0
7769986996,0
7774000372,0
7774048114,0
7774049964,0
7774868000,0
7774919191,0
7774976406,0
8080626623,0
8080841189,0
8087020203,0
8087687938,0
8087728818,0
8087793663,0
8108879369,0
8123719708,0
8130671090,0
8149122309,0
8149456447,0
8180069050,0
8208238369,0
7776094951,0
7776836714,0
7778059843,0
7795178694,0
7796001182,0
7796874275,0
7798232233,0
7798400061,0
7798767975,0
7798790340,0
7820870530,0
7822878708,0
7823806526,0
7888296734,0
7897789888,0
7898389888,0
7898337900,0
7906722059,0
7972102525,0
7972231142,0
7972452860,0
7972475143,0
7972567155,0
7972604749,0
7977303899,0
7977477580,0
7982250754,0
7842411270,0
7863911206,0
7875360130,0
7875409432,0
7875570089,0
7875612334,0
7875867049,0
7887878020,0
7887985038,0
7887992299,0
7888043855,0
7888080194,0
7987477840,0
8000094594,0
8003327805,0
8007402003,0
8007444403,0
8007865475,0
8010799148,0
8010946139,0
8018370765,0
8055876086,0
8072115234,0
8077085275,0
8079072527,0
8208425734,0
8208517734,0
8208707992,0
8208974232,0
8224994148,0
8237162629,0
8237304474,0
8237493236,0
8249446485,0
8261931526,0
8269820557,0
8275230505,0
8275831854,0
8308307562,0
8308349999,0
8308441858,0
8308444198,0
8308456621,0
8308724336,0
8308770236,0
8308808889,0
8308834640,0
8308888753,0
8319747841,0
8328148120,0
8329118301,0
8329709070,0
8329801122,0
8329852443,0
8329984662,0
8340330552,0
8342953023,0
8376919455,0
8378095335,0
8378987389,0
8378990829,0
8379081404,0
8380075124,0
8390478353,0
8619356361,0
8623067799,0
8624906463,0
8652546419,0
8667228062,0
8668459166,0
8668558790,0
8668597722,0
8668824912,0
8668894241,0
8669164082,0
8669572984,0
8669821428,0
8390829076,0
8408096083,0
8412005932,0
8412008789,0
8412020216,0
8412033007,0
8421271943,0
8421514119,0
8421514119,0
8421514119,0
8421595229,0
8421619121,0
8421619121,0
8421683484,0
8421683484,0
8421696457,0
8421766942,0
8459336656,0
8459854939,0
8482957707,0
8482959626,0
8482965107,0
5454032428,0
8484084574,0
8484987159,0
8485844090,0
8485895415,0
8507295555,0
8530612601,0
8550915500,0
8551014004,0
8552828108,0
8552999777,0
8600227411,0
8600527450,0
8600939990,0
8602369449,0
8602543698,0
8605015370,0
8605272839,0
8605779506,0
8605854858,0
8617783448,0
8422002555,0
8446005941,0
8446303380,0
8446320669,0
8446392261,0
8446409774,0
8446419025,0
8446505325,0
8446765522,0
8446882321,0
8451963821,0
8459092565,0
8459285247,0
8698004698,0
8698652706,0
8698793729,0
8763645554,0
8766405851,0
8766476652,0
8766792994,0
8766938472,0
8767015880,0
8767154260,0
5767374581,0
8767974606,0
8767983438,0
8777379530,0
8788441805,0
8788506739,0
8788539641,0
8788565351,0
8788800616,0
879321735,0
8793402894,0
8793930731,0
8800282224,0
8804422011,0
8805190303,0
8805213331,0
8805442934,0
8805985682,0
8806023389,0
8806044222,0
8806084044,0
8806756152,0
8806882023,0
8806940848,0
8806950815,0
8815680443,0
8815854190,0
8828485845,0
8830359298,0
8830662342,0
8830705931,0
8855036277,0
8855841824,0
8879190767,0
8879480971,0
8879802068,0
8888116452,0
8888212907,0
8888393122,0
8888528119,0
8890592192,0
8917246994,0
9028861951,0
9048080008,0
9069010705,0
9049501300,0
9049700446,0
9049768101,0
9049768101,0
9049836333,0
9051700930,0
9067012267,0
9067012267,0
9067110697,0
9067606967,0
9075092727,0
9075093998,0
8999213778,0
8999599156,0
8999599156,0
8999766350,0
9005637719,0
9006129843,0
9007264990,0
9008352199,0
9011021606,0
9011045000,0
9011045000,0
9011090854,0
9011093136,0
9011698006,0
9011887143,0
9021005958,0
9021095741,0
9021522473,0
9021688404,0
9021833716,0
9021833716,0
9021911537,0
9022322270,0
9022683814,0
9022856556,0
9028042299,0
9028097046,0
9028159060,0
8956156171,0
8956648532,0
8968270801,0
8975144160,0
8975239439,0
8975039439,0
8975284880,0
8975295662,0
8975519300,0
8975583183,0
8975680086,0
8975959236,0
8983196243,0
8983636621,0
9075827824,0
9075873385,0
9082009543,0
9082155991,0
9096069065,0
9096166549,0
9096241457,0
9096263497,0
9109052340,0
9111154562,0
9112014852,0
9112047137,0
9112825274,0
9113549326,0
9116231036,0
9127472301,0
9130060023,0
9130072780,0
9130281298,0
9130595045,0
9130656248,0
9130761994,0
9130807591,0
9130947652,0
9131457226,0
9136508918,0
9145740045,0
9156176769,0
9156238803,0
9156288123,0
9156591706,0
9756617133,0
9156719927,0
9156751301,0
9158390373,0
9158744404,0
9166956705,0
9168367024,0
9172619203,0
9172875354,0
9175765224,0
9175948225,0
9225518876,0
9225617575,0
9226135565,0
9226158548,0
9226796796,0
9270740492,0
9271755433,0
9284066352,0
9284090014,0
9405331695,0
9405740409,0
9410240766,0
9414027676,0
9420013615,0
9420055044,0
9420072277,0
9420076718,0
9421615118,0
9421615118,0
9421633030,0
9421829439,0
9422220264,0
9370259141,0
9370347295,0
9370721356,0
9370725723,0
9372274150,0
9373630581,0
9373700829,0
9399080812,0
9403112345,0
9404231190,0
9404252500,0
9324390754,0
9324588368,0
9325259728,0
9325491479,0
9325499535,0
9326640071,0
9354082293,0
9359182392,0
9359282042,0
9359463537,0
9359700214,0
9359757564,0
9284171358,0
9284371498,0
9284844025,0
9301306606,0
9307215094,0
9307240672,0
9307611231,0
9307804114,0
9307941565,0
9309391192,0
9314077278,0
9322260732,0
9322449655,0
9834839880,0
9845078931,0
9849592878,0
9850475709,0
9850961901,0
9860027105,0
9860074409,0
9860334225,0
9860362485,0
9870889263,0
9872144444,0
9881143715,0
9881310000,0
9881719791,0
9881743044,0
9881981324,0
9890191380,0
9890265552,0
9890265552,0
9890605455,0
9890627102,0
9890865850,0
9891104333,0
9892706472,0
9902499824,0
9905838080,0
9823389442,0
9823486517,0
9823550487,0
9823632576,0
9823845458,0
9827130063,0
9827130063,0
9834214534,0
9834428716,0
9834585486,0
9834839880,0
9845078931,0
9849592878,0
9920534096,0
9920734256,0
9921510161,0
9921615398,0
99216788171,0
9921829010,0
9921858545,0
9922141529,0
9922426064,0
9922199100,0
9922551878,0
9922856291,0
9765939592,0
9579428879,0
7378667069,0
8983473197,0
7719906330,0
9623277055,0
7028277055,0
9921096804,0
7083538458,0
9730742959,0
7239877252,0
9423709327,0
9623993814,0
9969543676,0
9970923060,0
9975230020,0
9975488567,0
9975612791,0
9975647725,0
9978999624,0
9980594734,0
9999301033,0
9922904904,0
9922912807,0
9923127157,0
9923317578,0
9923422633,0
9923755001,0
9930441093,0
9960598769,0
9960598769,0
9960658356,0
9962246929,0
9969543676,0
9970923060,0
9637287308,0
7384699748,0
7049993700,0
9850311851,0
9890686385,0
8087628686,0
8237711440,0
8979504725,0
8275248377,0
7378868525,0
8459244213,0
9890653661,0
8160877495,0
7064169101,0
9146099575,0
9890826172,0
9325782464,0
9579800067,0
9423055964,0
7774019137,0
8010797560,0
9158573178,0
8766728433,0
9665710968,0
9623993814,0
9370476376,0
8421413965,0
9823443276,0
8669964661,0
8329150238,0
9175644420,0
9446860266,0
8484042588,0
8010257207,0
7741837454,0
9765590302,0
9096795882,0
8617251867,0
9403276678,0
9730176678,0
9730166521,0
8379034985,0
9673348787,0
7030175448,0
7219130123,0
7387197971,0
9604391386,0
9602470706,0
8793859926,0
8356056459,0
9158225459,0
7350626679,0
7350639423,0
7350734653,0
7358565955,0
7378917152,0
7387187380,0
7387208579,0
7387442055,0
7385889304,0
7387665888,0
7387749676,0
7387935312,0
7399558787,0
7722084952,0
7741955884,0
7743880742,0
7757051393,0
7758916775,0
7769989288,0
7770058301,0
7773928833,0
7775800082,0
7776834863,0
7798767975,0
7875605550,0
7875638463,0
8459113827,0
8459307064,0
8459356048,0
8484092546,0
8484865901,0
8504066008,0
8530049079,0
8550970015,0
8552070015,0
8552004740,0
8552880137,0
8554843308,0
8590834960,0
8600099379,0
8698044222,0
8698415784,0
8698559686,0
8698934858,0
8720800492,0
8767059310,0
8767197721,0
8770366025,0
8788009783,0
8788076401,0
8788120237,0
8788246352,0
8788497113,0
8149523229,0
8169400023,0
8180815697,0
8208329502,0
8208667284,0
8237204142,0
8237941017,0
8275041017,0
7275092575,0
8275242100,0
7308679242,0
8308684202,0
8308787433,0
8308845660,0
7888010000,0
7972149628,0
7974302962,0
8007402003,0
8017765255,0
8055888267,0
8076405636,0
8080598700,0
8087522123,0
8087607271,0
8087687938,0
8087764327,0
8103658390,0
8329983340,0
8337088851,0
8349983282,0
8378987992,0
8379015296,0
8379996495,0
8379997175,0
8380869549,0
8380896278,0
8390528020,0
8393935588,0
8408044553,0
8408854407,0
7620234204,0
7620991185,0
7666696096,0
7692806203,0
7709470044,0
7709734005,0
7709849287,0
7709970270,0
7719010678,0
7719879366,0
7719963520,0
7720004367,0
7722082822,0
7498310895,0
7498886773,0
7498929298,0
7499304391,0
7506468265,0
7507550081,0
7507647327,0
7507738899,0
7507960131,0
7517718973,0
7520548905,0
7522935593,0
8930442397,0
8956627368,0
8956690110,0
8983604133,0
9011001404,0
9021279562,0
9022035576,0
9024810947,0
9028114363,0
9028730962,0
9028869120,0
9028890555,0
8788497113,0
8788812119,0
8793123272,0
8793183283,0
8796934841,0
8799985517,0
8805977373,0
8806392092,0
8806882023,0
8813095577,0
8815854190,0
8855044145,0
9967559377,0
9967832336,0
9969543676,0
9970095472,0
9970506451,0
9970537701,0
9970977938,0
9975230020,0
9979207102,0
9986360658,0
9110503036,0
7057348145,0
7057541558,0
7057600635,0
7057933988,0
7066028150,0
7066094223,0
7066412555,0
7066924679,0
7095099090,0
7208243638,0
7219817416,0
7249522323,0
7304883144,0
7020121885,0
7020862776,0
7028244338,0
7028411902,0
7028731517,0
7030098353,0
7030112026,0
7030704164,0
7038772420,0
7038872420,0
7040195131,0
7042845550,0
8355998398,0
9730305179,0
8007437249,0
9420495626,0
8369397210,0
7376600368,0
9823668761,0
8328680399,0
8905152878,0
7021577268,0
7412898222,0
6397211557,0
7679800024,0
7588021528,0
9096811180,0
9021925686,0
9826578458,0
9404795669,0
9594564896,0
7415334269,0
7447769770,0
8329441057,0
8793602139,0
7262856677,0
9637653951,0
7774000633,0
8839682088,0
7768055112,0
8830099645,0
9168663361,0
9284839431,0
9136222545,0
7517716869,0
7892046351,0
7719976622,0
8459877169,0
8605909282,0
8983029540,0
8237513629,0
8087792520,0
8286310831,0
9420267719,0
9765008656,0
8830087817,0
9767342628,0
8605167067,0
7264925611,0
8626095359,0
9579854154,0
9623676443,0
9834123019,0
8888047008,0
9420482529,0
6290447137,0
9160438383,0
8806390698,0
7028003296,0
8955650687,0
8891978896,0
9763237865,0
8793445634,0
9881004843,0
7306255617,0
7389220847,0
6260962567,0
9762269747,0
9404272905,0
9011047018,0
9834182773,0
8698438369,0
9309316736,0
9309316739,0
9022325958,0
9665173757,0
8802888990,0
9766431974,0
9881456625,0
9021711810,0
7709391867,0
7350615543,0
9552574554,0
9881226688,0
7775983892,0
9552204498,0
8369277701,0
9130184880,0
8806862968,0
9559447599,0
8308962761,0
7058199015,0
9822956551,0
9764834499,0
9978311481,0
8805504497,0
8870380644,0
9545551455,0
9873171512,0
9011424272,0
8600115078,0
7709456680,0
9359030867,0
7738068792,0
9049029100,0
9307642735,0
7385685301,0
9921435363,0
8275326348,0
9422303641,0
9960379053,0
9960062342,0
8355941919,0
7038996881,0
7249049145,0
7743853052,0
9373077681,0
9073435580,0
9011031075,0
9028771084,0
9028771084,0
9096065546,0
9518908173,0
8208936730,0
8554051836,0
9405222362,0
7030382822,0
9130013751,0
7507088559,0
9822202239,0
9422005846,0
8208536279,0
8830742902,0
9146862696,0
9764783518,0
9584023684,0
8888812058,0
9970050603,0
9850202376,0
9175397428,0
9073435580,0
8554903874,0
9623100324,0
9923985978,0
9665600220,0
8989214799,0
8910319129,0
8087459306,0
8094021987,0
9900376300,0
7055775196,0
8007656960,0
8208978593,0
8888880388,0
9763084466,0
7321898124,0
9503600707,0
7304042490,0
9868224970,0
8983502441,0
9860966804,0
8999183148,0
9767417114,0
7350052340,0
7350638647,0
9823539727,0
9420900555,0
8888737107,0
8605104455,0
8605271419,0
9763347490,0
7385371353,0
8237308692,0
7156543947,0
7225871141,0
8959597972,0
8956668761,0
9503715163,0
7798962975,0
9545842494,0
8796938440,0
9881792289,0
9322287113,0
9096371207,0
9373532737,0
8421237682,0
9699490176,0
8446667854,0
9811091221,0
7709607959,0
8793429602,0
9404593583,0
8655891594,0
9325523369,0
9552847579,0
9545868531,0
8262935617,0
9665515287,0
9689904404,0
8240853060,0
9619319591,0
9158225459,0
9822750729,0
8788953908,0
9168717705,0
8806886254,0
9082729740,0
9158376263,0
9029767696,0
7385087975,0
8237191377,0
9890106899,0
9049912386,0
8928717976,0
7720904979,0
8815066166,0
842595584,0
9423924251,0
9325845270,0
9689134912,0
8562015920,0
9021198620,0
7218744257,0
9881097050,0
9423005533,0
8446513966,0
8007979657,0
9156896657,0
7020364272,0
8698285480,0
8888688885,0
9373732169,0
9168699605,0
8459372266,0
9860971543,0
8237203040,0
9356956678,0
7771850021,0
8551903225,0
7020932332,0
7249530958,0
8320464164,0
9423533276,0
9370378628,0
9426041418,0
9156733333,0
8105232666,0
8788067072,0
6265547950,0
9561884840,0
8879252557,0
7666982278,0
9664556718,0
9757513937,0
6260677236,0
6262418148,0
6283401185,0
6392700526,0
7000767440,0
7011659675,0
7020096207,0
7020252848,0
7020411011,0
7020567266,0
7020711004,0
7020932332,0
7020995766,0
7021260434,0
7024499886,0
7028018569,0
7028226955,0
7028413158,0
7028430035,0
7028782971,0
8028790776,0
7028920332,0
7030018893,0
7030282277,0
7030173600,0
7030515896,0
7030538047,0
7030880943,0
7038314630,0
7038346998,0
7038902338,0
7038951435,0
7040866265,0
7044274352,0
7045272336,0
7054382095,0
7057091988,0
7057095923,0
7057244011,0
7057378033,0
7057459109,0
7057573152,0
7058516693,0
7058571719,0
7066204924,0
7066222041,0
7066766333,0
7069335055,0
7083673242,0
7083678139,0
7083737507,0
7089711155,0
7208288630,0
7218006119,0
7219104552,0
7219284944,0
7219417715,0
7223985577,0
7249093634,0
7249291579,0
7249317100,0
7249537207,0
7249711970,0
7263059832,0
7276729982,0
7285852810,0
7304498204,0
7350011615,0
7350048111,0
7350080195,0
7350102770,0
7350291782,0
7350292874,0
9112397611,0
7350523995,0
7350644027,0
7350702586,0
7350926773,0
7350926773,0
7378450508,0
7385364737,0
7387608551,0
7387619319,0
7387657800,0
7387827820,0
7387837989,0
7389616963,0
7391959512,0
7397822620,0
7415235216,0
7415268232,0
7447312640,0
7447444020,0
7447583636,0
7447594003,0
7447746000,0
7447821774,0
7448072491,0
7448158038,0
7448158141,0
7448180389,0
7498897184,0
7498985878,0
7807169993,0
7507407498,0
7507444406,0
7507526768,0
7507781735,0
7507900306,0
7507917762,0
7507967708,0
7559211396,0
7587695474,0
7588080104,0
7588229635,0
7588253074,0
7588331265,0
758331478,0
7588403749,0
7588771775,0
7602575226,0
7620413979,0
7620229080,0
7620292662,0
7620957899,0
7637830170,0
7666638556,0
7671062954,0
7678084199,0
7698397340,0
7709027252,0
7709035672,0
7709151270,0
7709274478,0
7709297895,0
7709314972,0
7719007700,0
7719832857,0
7720049915,0
7720918781,0
7722000437,0
7738855089,0
7743880742,0
7744898415,0
7745049413,0
7756060683,0
7756855133,0
7758083053,0
7758916775,0
7758635106,0
7767014848,0
7767099914,0
7768994499,0
7769866368,0
7769964488,0
7774046781,0
774048739,0
7775911597,0
7775956693,0
7775910586,0
7796001182,0
7796355164,0
7798134166,0
7798242772,0
7798266241,0
7798520230,0
7798901949,0
7822005238,0
7822878708,0
7827675505,0
7841838262,0
7869789212,0
7875008018,0
7875047909,0
7875265608,0
7875409432,0
7875421400,0
7875567459,0
7875605550,0
7875752818,0
7887718797,0
7887821779,0
7887888928,0
7888295927,0
7898635769,0
7898761247,0
7899976640,0
7308497288,0
7970156394,0
7972026516,0
7972058681,0
7972102524,0
7972122389,0
7972393889,0
7981682851,0
7976367802,0
7976505685,0
7980080993,0
7987404578,0
7999439844,0
8007080402,0
8007402003,0
8007739458,0
8007866245,0
8010488651,0
8010741967,0
8010819989,0
8010835661,0
8010946139,0
8017443363,0
8073538212,0
8080257748,0
8080832641,0
8087381653,0
8087606416,0
8087628686,0
8087666355,0
8087700274,0
8087728818,0
8087738586,0
8087772269,0
8103691114,0
8109582102,0
8149340303,0
8149366190,0
8149369769,0
8149408608,0
8149467344,0
8149889963,0
8169827617,0
8180002263,0
8197437575,0
8208517734,0
8208590959,0
8208707992,0
8208779466,0
8208790150,0
8108816356,0
8210225647,0
8223921826,0
8224933737,0
8237304474,0
8237394541,0
8237613076,0
8237996512,0
8251076986,0
8253024530,0
8261931526,0
8263005831,0
8269162940,0
8275166877,0
8275230505,0
8275359463,0
8275802012,0
8275832434,0
8275864588,0
8290970390,0
8305196643,0
8308444198,0
8308770236,0
8308773901,0
8328182022,0
8329271244,0
8329449911,0
8329837355,0
8340561588,0
8376919455,0
8379996495,0
8380001748,0
8380075124,0
8380081315,0
8380890654,0
8381020580,0
8381022928,0
8390010944,0
8390075290,0
8390585174,0
8390646097,0
8390853572,0
8390952931,0
8407982620,0
8407985257,0
8408027679,0
8408838897,0
8408891317,0
8411849858,0
8411873711,0
8411986089,0
8412008789,0
8412910742,0
8421140986,0
8421152504,0
8421268612,0
8421503718,0
8421588249,0
8421766942,0
8421805405,0
8426090588,0
8446037430,0
8446262695,0
8446371908,0
8446409774,0
8446446077,0
8446448408,0
8446567543,0
8446667096,0
8446872758,0
8468807930,0
8468866066,0
8468887682,0
8469038983,0
8482904944,0
8482959626,0
8484092546,0
8484917051,0
8484987159,0
8485064060,0
8527455276,0
8530185527,0
8530615042,0
8530630906,0
8530726263,0
8530829551,0
8543030177,0
8544135066,0
8550925500,0
8550958479,0
8551085454,0
8551089849,0
8551947063,0
8554022727,0
8554754441,0
8554856390,0
8554962665,0
8554982188,0
8559030802,0
8600167653,0
8600197500,0
8600238597,0
8600241972,0
8600558598,0
8600948883,0
8605184245,0
8605254607,0
8605603391,0
8605622990,0
8605833638,0
8618549637,0
8624968895,0
8625008656,0
8625841517,0
8637721920,0
8668529848,0
8668578896,0
8668641565,0
8669433902,0
8669517809,0
8669974882,0
8669976297,0
8689804258,0
8697223627,0
8698200100,0
8698272888,0
8698282443,0
8718951001,0
8734024381,0
8766730026,0
8766920186,0
8766983624,0
8767097256,0
8767109806,0
8767239203,0
8767249482,0
8767326787,0
8767363539,0
8767698788,0
8767862546,0
8788617113,0
8793234234,0
8793349842,0
8793794760,0
8796127587,0
8796826730,0
5796967758,0
5799625822,0
8802497330,0
8805467928,0
8805539349,0
8805629330,0
8805789029,0
8805859074,0
8805875662,0
8805945864,0
8806000559,0
8806068280,0
8806075193,0
8806099779,0
8806166066,0
8806265559,0
8806605944,0
8806675275,0
8806861368,0
8824446466,0
8827718566,0
8830199980,0
8830453730,0
8830591688,0
8830705931,0
8830745704,0
8830868516,0
8830992730,0
8850111310,0
8879216358,0
8879690191,0
8888116452,0
8888212907,0
8888236927,0
8888406022,0
8888803546,0
8888818028,0
8889977385,0
8890592192,0
8928099463,0
8956354363,0
8961111801,0
8962360256,0
8975307141,0
8975452066,0
8975680086,0
8975758579,0
8975953989,0
8975958072,0
8978599993,0
8978921653,0
8983155749,0
8989792700,0
8999713221,0
9004889161,0
9007680904,0
9011053996,0
9011416300,0
9011545862,0
9011558999,0
9011830118,0
9011992431,0
9021688404,0
9021805443,0
9022410709,0
9022488896,0
9028296301,0
9028531277,0
9028535030,0
9028588077,0
9039975422,0
9044706111,0
9049008279,0
9049010475,0
9049570659,0
9049763589,0
9049776084,0
9058708423,0
9066349374,0
9073207161,0
9075120569,0
9075307987,0
9075758954,0
9075888506,0
9075978574,0
9082386189,0
9085865406,0
9096069065,0
9096187414,0
9096206846,0
9096430776,0
9096882274,0
9100230742,0
9103896144,0
9112279307,0
9113637471,0
9119531116,0
9121601206,0
9130055372,0
9130070110,0
9130115693,0
9130204298,0
9130290483,0
9130297838,0
9130595045,0
9130761994,0
9145203378,0
9145297928,0
9146023999,0
9146047414,0
9146074010,0
9146587848,0
9149084880,0
9156379255,0
9156379255,0
9156720779,0
9156751301,0
9156929930,0
9158001451,0
9158109363,0
9158252508,0
9158385213,0
9158424356,0
9158518881,0
9167421267,0
9168035634,0
9168276879,0
9168594775,0
9168704075,0
9168993472,0
9172190217,0
9172410431,0
9172462212,0
9172708749,0
9172840747,0
9175155054,0
9175886667,0
9175913800,0
9175990906,0
9179009613,0
9179734976,0
9209301555,0
9226959356,0
9260906733,0
9284330717,0
9284357884,0
9284504611,0
9284520882,0
9284554778,0
9305275044,0
9307462096,0
9309162164,0
9309373083,0
9309878615,0
9322231705,0
9322388121,0
9322489137,0
9322693314,0
9322778862,0
9324278796,0
9325165090,0
9325562950,0
9325888039,0
9354945187,0
9356029687,0
9356127152,0
9356281848,0
9359232969,0
9359447039,0
9359480533,0
9359524480,0
9359543272,0
9359651953,0
9359710151,0
9359980924,0
9370089577,0
9370248993,0
9370944914,0
9370994318,0
9371045214,0
9373890848,0
9380827797,0
9399620772,0
9403119411,0
9403361414,0
9404123801,0
9404294400,0
9404314554,0
9404498026,0
9405269675,0
9405524042,0
9405576780,0
9407001241,0
9414634946,0
9416205040,0
9420423068,0
9420480611,0
9420484024,0
9420743944,0
9421833356,0
9422396928,0
9422456699,0
9422516108,0
9422730163,0
9423221868,0
9423409461,0
9423983746,0
9460024670,0
9461443286,0
9503000945,0
9503018599,0
9503036300,0
9503036300,0
9503447801,0
9503481348,0
9503564939,0
9503622516,0
9511232302,0
9511710463,0
9511748903,0
9518329203,0
9518578803,0
9518952697,0
9518991228,0
9523205661,0
9527099819,0
9527123582,0
9527209257,0
9527557765,0
9527609912,0
9527690822,0
9527765982,0
9528880777,0
9530387253,0
9545001259,0
9545430859,0
9545785387,0
9545809089,0
9552090589,0
9552287820,0
9552309006,0
9552370109,0
9552502728,0
9552535812,0
9552559552,0
9552700869,0
9552831742,0
9557483875,0
9561019935,0
9561356101,0
9561435929,0
9561660183,0
9561922040,0
9561957449,0
9579217682,0
9579666663,0
9579668296,0
9579942966,0
9582212841,0
9585999703,0
9588655234,0
9588690327,0
9594126378,0
9594309421,0
9595548633,0
9595602647,0
9595670254,0
9604192144,0
9604452664,0
9604624588,0
9604791592,0
9604861656,0
9604864591,0
9604907520,0
9604912635,0
9607052887,0
9607223615,0
9619042120,0
9619153880,0
9619954367,0
9623027242,0
9623055151,0
9623160658,0
9637059127,0
9637523817,0
9637578567,0
9637649351,0
9637987814,0
9638450670,0
9653340547,0
9653340630,0
9657051195,0
9657497612,0
9657722929,0
9660117765,0
9660580179,0
9660995314,0
9660995314,0
9662515003,0
9665035677,0
9665349959,0
9665706952,0
9665962868,0
9673082619,0
9673082619,0
9673203256,0
9673334237,0
9673406838,0
9686407596,0
9689042200,0
9689060989,0
9689273184,0
9689661125,0
9689894822,0
9689923656,0
9700451262,0
9711974540,0
9721724502,0
9726322216,0
9727298645,0
9730216726,0
9730624909,0
9730668007,0
9755155475,0
9762035855,0
9762049610,0
9762229538,0
9762716220,0
9763054561,0
9763525004,0
9763655120,0
9763655120,0
9767142147,0
9764041658,0
9764206338,0
9764689365,0
9764763274,0
9764777500,0
9764995230,0
9765200800,0
9765379888,0
9765459904,0
9765490978,0
9765674777,0
9766049129,0
9766656265,0
9767515989,0
9769022909,0
9769300061,0
9799944688,0
9805602083,0
9818431058,0
9820399097,0
9822155874,0
9822210012,0
9822364629,0
9822379900,0
9822648358,0
9822650668,0
9822760101,0
9822763213,0
9822972105,0
9823009698,0
9823076536,0
9823210102,0
9823241416,0
9823313002,0
9823314996,0
9823370974,0
9823657691,0
9823660125,0
9823845458,0
9823886558,0
9826374705,0
9830652908,0
9833413298,0
9833500995,0
9834237137,0
9834237137,0
9834390744,0
9834420726,0
9834787051,0
9834824580,0
9835147400,0
9850125057,0
9850205093,0
9850695960,0
9850791900,0
9850898989,0
9860543216,0
9860732229,0
9860791578,0
9860906663,0
9869807264,0
9881007974,0
9771133925,0
9881190867,0
9881269671,0
9881336693,0
9881668350,0
9881714913,0
9881719791,0
9881783332,0
9881866228,0
9881900325,0
9890113371,0
9890317345,0
9890427700,0
9890635739,0
9890820267,0
9890955645,0
9892454181,0
9892681646,0
9903197226,0
9904267696,0
9921089586,0
9921234861,0
9921278156,0
9921497758,0
9921581773,0
9921926976,0
9921963967,0
9922168244,0
9922422493,0
9922554455,0
9922738656,0
9922932560,0
9922992754,0
9923271330,0
9923286681,0
9923545561,0
9923671260,0
9923879975,0
9923969410,0
9926382592,0
9930328558,0
9930719017,0
9940684913,0
9959691121,0
9960317172,0
9960472999,0
9962000001,0
9967278403,0
9970288758,0
9970944275,0
9975041184,0
9975148464,0
9975259636,0
9975393727,0
9975431445,0
9975431445,0
9975488567,0
9975622109,0
9975636448,0
9975638944,0
9975878544,0
9977558676,0
9978999624,0
9988392272,0
9989837274,0
9823334005,0
8482818261,0
9637701684,0
9131373970,0
8379040099,0
8805939880,0
7387877995,0
9552207762,0
7745048132,0
9834783368,0
7773902534,0
8149717388,0
8989810100,0
9644464597,0
9657831974,0
9657831974,0
9096823220,0
9021386812,0
7875483801,0
9028030379,0
9322759775,0
9322759775,0
9028030379,0
7888169511,0
8349684108,0
9588069518,0
8806403742,0
8308458512,0
7083550319,0
7058323740,0
8624071131,0
9422322255,0
7400081222,0
7498071177,0
7507683359,0
7559164239,0
7588233504,0
7588253074,0
7666922654,0
7720060678,0
7743988901,0
9823414608,0
9833781437,0
9850167563,0
9850488550,0
9860401464,0
9860475023,0
9860771600,0
9869855953,0
9881499133,0
9881563126,0
9923320122,0
9923434483,0
9923448000,0
9960069717,0
9960451797,0
9960838415,0
9967882888,0
9970071265,0
9970340413,0
9975249674,0
8275303936,0
8275802012,0
8308002266,0
8308223554,0
8329424222,0
8329801122,0
8378860201,0
8380009729,0
8380854279,0
8623871747,0
8669780923,0
8766008487,0
8767761018,0
8779696740,0
8796613183,0
8806713131,0
8830129854,0
8830191263,0
8830947627,0
7057952993,0
7058857388,0
7066727064,0
7218045579,0
7218314139,0
7219712064,0
7276150645,0
7276272678,0
7350026455,0
9021883935,0
9022738415,0
9022833567,0
9028130321,0
9028478741,0
9028512858,0
9028741235,0
9049234737,0
9049397952,0
8830947627,0
8888156987,0
8928769813,0
8975544422,0
8975606325,0
9011093136,0
9021321210,0
9021663010,0
9545380722,0
9552552019,0
9552573577,0
9552689321,0
9579258349,0
9604003428,0
9604525550,0
9604534470,0
9604676906,0
7798986451,0
8743017890,0
7843017890,0
7875442771,0
7875781517,0
7887569149,0
7888042611,0
8007258252,0
8007999264,0
8010350346,0
8390817082,0
8421507207,0
8446358536,0
8483954508,0
8484050573,0
8600101091,0
8600149468,0
8600733365,0
8605526747,0
8623871747,0
8080029080,0
8087602086,0
8149138026,0
8208423720,0
8237863262,0
8261083365,0
8263831002,0
8271018512,0
8275303936,0
7758989915,0
7758994492,0
7769942986,0
7769973994,0
7774005826,0
7774080393,0
7774803585,0
7774890130,0
7796732806,0
9405384905,0
9413666423,0
9422301781,0
9422323902,0
9422522275,0
9422773589,0
9503000945,0
9503133847,0
9527621287,0
9763264103,0
9764045478,0
9765180232,0
9765574826,0
9767721000,0
9819771232,0
9820387633,0
9822645892,0
9823090806,0
9823414608,0
9881563126,0
9890909007,0
9922897759,0
9922992321,0
9923320122,0
9923434483,0
9923448000,0
9960069717,0
9960451797,0
9960838415,0
9156289272,0
8158376263,0
9168513701,0
9172415907,0
9209391537,0
9309898740,0
9322072155,0
9322354015,0
9325796326,0
9326009729,0
9326653089,0
9356790586,0
9356945516,0
9359046037,0
9370440640,0
9373739985,0
9403479029,0
9405384905,0
9049397952,0
9049827107,0
9049873314,0
9067433178,0
,
9109454027,0
9130828804,0
9145255457,0
9145411250,0
9156289272,0
7507387069,0
7972523206,0
7030230822,0
7038345279,0
7040334726,0
7057043033,0
7057357300,0
7257434376,0
7057957993,0
9619641794,0
9623263644,0
9623744158,0
9623912410,0
9657137222,0
9657434735,0
9669820866,0
9699286417,0
9732441060,0
9763364103,0
8668901891,0
9307183240,0
7410169666,0
7745006027,0
8378993132,0
9921096804,0
8623937711,0
9921615398,0
9270740492,0
9529744509,0
9511693126,0
9503016762,0
9638450670,0
7588793278,0
9664556718,0
9766908419,0
8208811022,0
8624077552,0
9145140403,0
8237162629,0
9921932573,0
9922856291,0
7058043375,0
9673456013,0
7767857787,0
9764552952,0
8882167505,0
9920726802,0
9623094084,0
9975907284,0
8530934141,0
7905498955,0
9764945684,0
9049010475,0
9987464744,0
8446713271,0
9850966342,0
9075827824,0
8879252557,0
8390687111,0
8390734748,0
8390896096,0
8390923854,0
8401406843,0
8407993176,0
8408058415,0
8411085995,0
8411085995,0
8412008807,0
8421116090,0
8446262695,0
8459342963,0
8459723284,0
9960769310,0
7756876747,0
9168007303,0
9096662496,0
7219712189,0
7028726604,0
9028044126,0
9822568377,0
8878753593,0
9011672341,0
8669317311,0
9765661844,0
7875991955,0
8468971097,0
8482947240,0
8483858225,0
8484055661,0
8485007778,0
8511466453,0
8511813889,0
8545083333,0
8550932007,0
8550999930,0
8551019178,0
8551934552,0
8552987857,0
8130671090,0
9922431821,0
7020579572,0
9518378336,0
9168301405,0
9850892166,0
9284090014,0
9754217237,0
8788107701,0
9302732897,0
8698733631,0
9158370204,0
9970968110,0
9972012604,0
9974602939,0
9975413543,0
9975728927,0
9981139154,0
9997019688,0
9998359561,0
9999301033,0
8554823866,0
8554925503,0
8554962665,0
8600044707,0
8600070160,0
8600227411,0
8600324712,0
8602000403,0
8602131938,0
8605112525,0
8605271419,0
8605589329,0
8605676208,0
9284522004,0
8600104626,0
9970381272,0
9890369921,0
7757045877,0
9359526133,0
9131401870,0
9423062217,0
9322643878,0
8329121326,0
7378669095,0
9561366219,0
8446447816,0
9960444729,0
9960468379,0
9962708688,0
9962714992,0
9969267269,0
9969361751,0
9966671075,0
9970566202,0
9970735496,0
9970968110,0
9972012604,0
9974602939,0
9975413543,0
8605707116,0
8605741275,0
8624096996,0
8624906463,0
8625813228,0
8655206384,0
8657544997,0
8668227841,0
8668587397,0
8668597722,0
8669164082,0
9889375202,0
8669661910,0
9922449258,0
9922551878,0
9922581003,0
9922674444,0
9922912807,0
9922913351,0
9922915066,0
9923004701,0
9923273355,0
9923360048,0
9923596991,0
9925130111,0
9925713088,0
9075397501,0
9923422633,0
9860168615,0
9970435111,0
8806549942,0
7030890214,0
7498182740,0
9518518496,0
9226135565,0
9172546580,0
9822415701,0
8600119065,0
9920927971,0
9890222096,0
9890325626,0
9890576225,0
9890865850,0
9892388001,0
9892634314,0
9905838080,0
9920525053,0
9920906223,0
9921989846,0
9922085745,0
9922111183,0
9922250734,0
9763911195,0
9406814155,0
8340451483,0
8007444403,0
8420938811,0
9964383009,0
9075360661,0
8600486220,0
9013053326,0
8805443124,0
7038489779,0
9028200523,0
8830988538,0
8669677854,0
8669780856,0
8686487171,0
8698105252,0
8698388656,0
8698483662,0
8698666555,0
8740017024,0
8747048631,0
8766405851,0
8766439620,0
8766805320,0
8766907579,0
8767295273,0
8767961971,0
8770128636,0
8788030851,0
8788138189,0
8788181011,0
8788193493,0
8788316080,0
8788429343,0
8788506739,0
8788794256,0
8793334095,0
8793374302,0
8484874867,0
7721026250,0
7447678831,0
6302259274,0
7000851875,0
7972919456,0
8793840041,0
7020857262,0
9763709625,0
8275583207,0
9973075938,0
8805467928,0
7387940622,0
9870986131,0
9874596348,0
9881063905,0
9881095990,0
9881156530,0
9881304881,0
9881310000,0
9881568369,0
9881701919,0
9881900257,0
9888713546,0
9890106923,0
9890124702,0
9834196895,0
8378039200,0
9428140164,0
8888868006,0
8888946090,0
8928794220,0
8956116573,0
8956422502,0
8956648532,0
8957804140,0
8963956662,0
8975013095,0
8975015992,0
8975073072,0
8975118100,0
8975144160,0
9770718928,0
9819883663,0
9820439082,0
9820880109,0
9821116357,0
9822016883,0
9822098400,0
9822289056,0
9822692715,0
9822741923,0
9822750729,0
9823260454,0
9823636264,0
8830404954,0
8855036277,0
8859844636,0
8871139919,0
8874223389,0
8888002442,0
8888242840,0
8888290639,0
8888398033,0
8888651755,0
8888811596,0
8888817517,0
8888826388,0
6003297689,0
6261349212,0
6264274253,0
6266942286,0
9268366933,0
8793621997,0
8796252879,0
8796374123,0
8805000932,0
8805056337,0
8805517485,0
8805647021,0
8806436292,0
8817301092,0
8818883069,0
8826547823,0
8830176323,0
8830309588,0
6281136248,0
6366220555,0
6375686320,0
6393443521,0
6394543197,0
7000144012,0
7020103414,0
7020508766,0
7020922614,0
7023899526,0
7024426438,0
7025062333,0
7028210170,0
9021381488,0
9021678787,0
9021815620,0
9022820869,0
9028014070,0
9028520977,0
9028664002,0
9028747793,0
9033331268,0
9049023214,0
9049169338,0
9049340111,0
9049414584,0
7028444945,0
7028633708,0
7028769276,0
7030110445,0
7030252388,0
7030453939,0
7030625026,0
7030723236,0
7032345680,0
7038187133,0
7038453988,0
7040099406,0
7045255124,0
9003839873,0
9010829053,0
9011001517,0
9011012210,0
9011078414,0
9011099484,0
9011272386,0
9011523102,0
9011613532,0
9011738805,0
9011761779,0
9011911720,0
9021005928,0
7045963422,0
7046642276,0
7057241192,0
7057607046,0
7058098350,0
7058148038,0
7058364487,0
7058934282,0
7058972809,0
7066003660,0
7066162909,0
7066850688,0
7066873450,0
9130342887,0
9130576985,0
9130656248,0
9130866782,0
9127782304,0
9140726094,0
91452176172,0
9145279998,0
9145635384,0
9146137827,0
9146150877,0
9146558873,0
9155892115,0
7083335931,0
7083503793,0
7083616897,0
7083912006,0
7205830764,0
7218081426,0
7218109480,0
7218829501,0
7219104552,0
7219510691,0
7219769745,0
7219781391,0
7224944332,0
9075906800,0
9082828992,0
9096100223,0
9096156965,0
9096528289,0
9096627038,0
9096785985,0
9096847938,0
9112143405,0
9112271993,0
9112316790,0
9112348473,0
9130084301,0
9049433327,0
9049643380,0
9049874233,0
9060792701,0
9067137681,0
9067226626,0
9067418835,0
9067559349,0
9075099555,0
9075120569,0
9075128248,0
9075248311,0
9075270703,0
7235042392,0
7249394599,0
7261905993,0
7262811995,0
7263016203,0
7263036312,0
7263983988,0
8264022622,0
7276222299,0
7276576511,0
7276596809,0
7276628801,0
7302201300,0
8975314771,0
8975488834,0
8975694825,0
8975803270,0
8983155749,0
8988377851,0
8983580367,0
8983626030,0
8989504969,0
8999073157,0
8999151380,0
8999352929,0
8999639797,0
9176618189,0
9179734976,0
9226916316,0
9265639913,0
9272075766,0
9284178153,0
9284182335,0
9284322423,0
9284408673,0
9284635530,0
9307795798,0
9309288909,0
9309293445,0
7304196126,0
7350279344,0
7350846783,0
7355321968,0
7356629347,0
7378402614,0
7378742491,0
7378928808,0
7385376902,0
7385521428,0
7387870866,0
7387361436,0
7391868453,0
9167604070,0
9167639830,0
9167784578,0
9167932655,0
9168188500,0
9168898232,0
9171249654,0
9172154821,0
9172385160,0
9172462212,0
9175481227,0
9175859271,0
9175948016,0
7398769747,0
7400129091,0
7410718383,0
7414933683,0
7415807141,0
7420908111,0
7447405577,0
7447466013,0
7447497292,0
7447655317,0
7447878525,0
7448116894,0
7499387241,0
9156139087,0
9156243896,0
9156296643,0
9156357846,0
9156592101,0
9156749599,0
9156891750,0
9158020264,0
9158416683,0
9158518881,0
9158607578,0
9167066627,0
9167313291,0
9404052375,0
9404231032,0
9404413107,0
9404953953,0
9405535293,0
9407553547,0
9408771041,0
9408853638,0
9414649962,0
9420493311,0
9420644691,0
9421722531,0
9422094350,0
7507350193,0
7507359175,0
7507918059,0
7517052999,0
7517301052,0
7558361007,0
7559342613,0
7580880603,0
7588202563,0
7588284503,0
7588288620,0
7588359059,0
7588770513,0
9365508881,0
9370624766,0
9372344473,0
9373246406,0
9373630581,0
9403299844,0
9403343738,0
9403360201,0
9403422063,0
9403620594,0
9403699715,0
9403866548,0
9404047169,0
7721053097,0
7721881533,0
7722037575,0
7722037903,0
7722040575,0
7728037124,0
7733867159,0
7733992222,0
7741090607,0
7743861208,0
7743988901,0
7744910776,0
7744971790,0
9309360618,0
9309507906,0
9325327151,0
9325592769,0
9325799836,0
9326166696,0
9326551484,0
9345818739,0
9356211636,0
9356484280,0
9359205815,0
9359621957,0
9359891818,0
9529395995,0
9535351450,0
9545426110,0
9545556151,0
9545653763,0
9545665557,0
9545968646,0
9549658884,0
9552020671,0
9552129777,0
9552151139,0
9552559666,0
9552583043,0
7702222419,0
7709410488,0
7709430812,0
7709434926,0
7709505564,0
7709668874,0
7718046123,0
7718073669,0
7719010678,0
7719837039,0
7719985654,0
7720079929,0
7720093839,0
9503734767,0
9508823928,0
9510481799,0
9511636416,0
9511752389,0
9511873961,0
9512604149,0
9518365571,0
9527045962,0
9527161152,0
9527447414,0
9527506844,0
9527621287,0
9588787900,0
7598672970,0
7620043965,0
7620213723,0
7620229080,0
7620280578,0
7620572166,0
7620701792,0
7666122755,0
7666388211,0
7666654424,0
7666701295,0
7692843278,0
9422193124,0
9422565725,0
9422987587,0
9423725600,0
9426671700,0
9444901308,0
9467777146,0
9470386689,0
9483660846,0
9503019581,0
9503022522,0
9503228928,0
9503670494,0
7875671474,0
7887526965,0
788847962,0
7894455407,0
7972188879,0
7972192168,0
7972454401,0
7972465402,0
7972707569,0
7975148985,0
7987086602,0
7987539699,0
7990773569,0
9552589532,0
9555498992,0
9559327312,0
9561230882,0
9561671960,0
9566053638,0
9579459370,0
9579626168,0
9579989510,0
9588427319,0
9595679111,0
9599874302,0
9604241088,0
9604249838,0
9604725778,0
9607048883,0
9607265207,0
9607341384,0
9619238509,0
9619539670,0
9619928207,0
9623626773,0
9630966078,0
9637895222,0
9637907770,0
9657051195,0
7776840096,0
7776859813,0
7776977734,0
7796693118,0
7798006089,0
7798076011,0
7798298784,0
7798529582,0
7798627645,0
7828695654,0
7843016127,0
7869113413,0
7875245135,0
9657113316,0
9567336409,0
9657436568,0
9657436568,0
7657470636,0
9657472817,0
9657683824,0
9657965191,0
9664989240,0
9665385245,0
9665948023,0
9669501777,0
9669582885,0
9670132875,0
9765388554,0
9765597509,0
9765634518,0
9766030592,0
9766044909,0
9766678739,0
9766686776,0
9766747966,0
9767012343,0
9767184868,0
9767231705,0
9767581742,0
9770235244,0
9752892825,0
9753763134,0
9757438876,0
9762506115,0
9762533905,0
9762542245,0
9763462997,0
9763489048,0
9763750957,0
9764237443,0
9764237443,0
9764438469,0
9765005734,0
9765341073,0
7757012665,0
7757014272,0
7757057174,0
7758903810,0
7762990183,0
7767821897,0
7767983160,0
7769973573,0
7769989682,0
7770029045,0
7774961054,0
7775834753,0
7775943579,0
8109684587,0
8149102867,0
8149310798,0
8170937562,0
8180099479,0
7191028579,0
8208040480,0
8208219811,0
8208292332,0
8208316044,0
8208363993,0
8208943950,0
8218257615,0
8055799766,0
8059583580,0
8078281652,0
8080043351,0
8080297933,0
8087392250,0
8087449455,0
8087601860,0
8087671273,0
8087698399,0
8101097278,0
8104321635,0
8105270782,0
8329913336,0
8340608424,0
8349441322,0
8355997858,0
8369374062,0
8376919455,0
8378095335,0
8380889068,0
8390017171,0
8390167715,0
8390209094,0
8390273917,0
7997066655,0
8007045991,0
8007288259,0
8007305218,0
8007337636,0
8007376934,0
8007640100,0
8007814060,0
8007911179,0
8001082209,0
8010688464,0
8050056198,0
8050091212,0
8308640307,0
8308699283,0
8308719774,0
8308776267,0
8308794173,0
8308927141,0
8317213625,0
8319918763,0
8328269140,0
8329442875,0
8329733654,0
8329852925,0
8329900843,0
9923012000,0
8788667356,0
7666682411,0
9067502946,0
9322105861,0
9326872983,0
9366907040,0
8806989928,0
9823815888,0
9322475997,0
9322643878,0
8788286440,0
9881465338,0
8544135066,0
9689672578,0
9096960316,0
8237676996,0
7760361714,0
8657439924,0
9307195070,0
9738376662,0
9665913621,0
7420803806,0
9322105861,0
7620490614,0
9111113319,0
7030052012,0
9545809089,0
8668812027,0
8890099837,0
9373194287,0
9834404318,0
9922431821,0
9552544008,0
7721955256,0
7507420308,0
8421646437,0
9075135499,0
9765499813,0
7000648045,0
9657521286,0
9031959933,0
9823218220,0
9619293734,0
8087812279,0
8888236236,0
8412012835,0
9822867501,0
9850958191,0
8449055268,0
8407954387,0
9158419645,0
8999778030,0
8261817453,0
7620333780,0
9769541961,0
9082879939,0
7757023427,0
9921334960,0
7887613595,0
8830565780,0
7355524570,0
9370976954,0
8830051862,0
9967840120,0
9545684097,0
7030018893,0
9823218220,0
8989439349,0
7743824044,0
8308810100,0
8530494455,0
7083669750,0
8669025127,0
9049151307,0
9373194287,0
9834404318,0
