phone
917020408165
917020794629
917021388399
917038335956
917276052845
917378797616
917470598899
917506117341
917507253591
917507536686
917507657563
917588554530
917718802447
917768969893
917774001446
917774076407
917774875805
917887335163
917887887616
918048056642
918055116059
918087829000
918108052707
918108149645
918128120847
918180828986
918237059495
918308398096
918380044868
918408892727
918412877333
918446636524
918446946045
918450930425
918551042720
918624036232
918655001328
918668954896
918669668645
918778596104
918788654277
918806223491
918806883939
918826228148
918850556899
918888736446
918888933336
918956444005
918971988085
918983049003
919011762922
919028329070
919028920674
919049863434
919067250600
919096486793
919096795378
919130066776
919145500251
919158355094
919167172881
919167240539
919167986655
919168747867
919175007183
919175682033
919325089374
919359810046
919370018944
919372783959
919373244670
919373826859
919403158858
919422249250
919422262374
919422717543
919423427040
919503772252
919511703487
919545044844
91955255049
919604466591
919607931555
919619688311
919623220011
919673869004
919762123382
919763631884
919765087878
919765248207
919765258278
919765334824
919766066993
919766119557
919822873881
919822900098
919823054284
919834446260
919839436765
919850361733
919850908902
919860765555
919860891414
919863107575
919875980119
919881414139
919881738083
919890229485
919890443936
919890675987
919890935343
919922111854
919922401026
919923189905
919930000601
919930339368
919960199190
919960295496
919960650929
919960927333
919970299833
919975126207
917219808585
919960199190
918208882318
919860891414
919863107575
918412877333
919822871723
919960650929
919067250600
919860624121
917588554530
918850556899
919930339368
918380044868
918459007795
919028920674
917276052845
919373826859
919763631884
919850908902
918380044868
918999824951
919923435363
919834446260
918767219893
919850055928
919673869004
919373244670
919373244670
919925001396
919172216824
919765258278
919850303590
919168747867
917276595105
919167986655
919503772252
917773934387
918554931291
919765334824
917499315856
918108149645
919970299833
918007169195
919370018944
917021388399
919765248207
918180828986
919879067277
919404546698
919421705653
919765087878
919850074511
919425998184
918459636516
919021483634
919987625458
919022623477
919209999977
919923182285
918007394861
918850268442
919226697699
919769980009
919699827420
919821057965
919820332564
919724366550
917588557511
918956248912
918956007360
919665516299
918624023884
918850580765
918788155139
919667769246
918983733878
917558246874
919823795371
919890142812
919359448105
919820189207
918796416657
919850570977
919545869949
918668634612
919820083605
919421081130
919604694644
918830415934
919414083981
917721867181
919892743841
918855005413
918010453868
919881513942
917263022935
918169256424
918087216429
919820670489
919028950612
917071727264
919225250707
919022640890
919727682309
919881234904
919769858806
919004814116
917887880881
919699983267
917462848752
917219464390
917796656776
919869837999
919271848586
918689982020
919820441241
919403719615
918308230418
919823427308
919527802700
919082544343
919323200440
919028203069
919850262740
919266711694
919820526663
919323668080
917644098983
918484845081
919408452973
917722020639
919917178180
918793799920
918432380207
918788550787
919311039052
919637070321
919987615863
919137428150
917719013327
919371829082
918788213472
917741833737
919423242711
918080297688
919403177270
918356976473
919823690191
918279739742
919834679678
918308662600
919256764040
917770066161
919172701003
918010543246
917559418686
919561658866
917057285318
919130018070
918693067143
918010461919
919423174340
919021929694
919763910287
918275536508
917972872306
918928460218
919762488796
919850361733
919766119557
919823054284
919850655119
919975126207
919960927333
919960295496
919175682033
919921888359
919145500251
918975610413
918788654277
918055116059
919890935343
919403158858
919657113976
919822215869
917507253591
917506117341
919096795378
918446946045
918128120847
919822873881
919619688311
919881414139
917774875805
919922926035
919545044844
917745057705
919602166227
919158502323
919930000601
918237059495
918668954896
919923189905
917001994540
917020161430
918888892222
919326888856
917378797616
919423427040
917875712729
918669668645
919975049991
919011762922
919130066776
919850887945
917020408165
919607931555
918888736446
919028711185
917499785565
919361147338
919423551502
918624036232
919359810046
919359810046
919623220011
917768969893
917507657563
917066878599
918826228148
919881738083
919881863618
919372783959
919511703487
919960650929
917020794629
917774076407
919665679279
917507536686
919158355094
919167172881
918669925072
919822900098
918806883939
918778596104
918450930425
918048056642
917972028345
918275400588
919096486793
919850757684
919967445036
919860765555
919325089374
919527017896
919890675987
919167240539
919766066993
918888933336
919595885783
919922401026
919823196962
918450930425
919175007183
919890443936
919839436765
918551042720
919890229485
919028329070
919011519333
917774001446
917620633447
918971988085
918412877333
918412877333
919422249250
919049863434
918983049003
917470598899
919422717543
918007790999
919403158858
919223276922
919657634243
917887335163
919850832795
918554040918
918308398096
919875980119
917666020107
918956444005
919922111854
917420945564
918655001328
919850233103
918087829000
919673707157
918408892727
918108052707
918446636524
918888081709
918956237631
