9623993814
8669964661
9403462668
9516516794
7741837454
9049993700
7447821774
9145297928
8329122061
9158573178
8379034985
8007368644
7218081426
8378967049
8983377851
9545551455
8793602139
9619715774
9049151307
8626095359
9975877700
7887700667
8917686278
7770011891
8007866245
7875966245
8830128386
7756028386
7756045349
7447603495
7743853052
7709391867
7350615543
8638112508
9559447599
9096762194
8806390698
8788966192
9834723594
9325595827
7321898124
9975126143
9112899777
9100230742
9860966804
9767417114
9819664555
8237308692
9156543947
9561699506
8806886254
7218744257
7378384909
9423005533
9607048883
7448230396
9922461443
8530709303
7040866265
9405753765
9168699605
9049008279
7276085668
7017804432
7020098969
7020308577
7020335510
7020360841
7020707001
7020800199
7021415588
7021942961
7023083904
7025062333
7030018893
7030252388
7030330339
7030473600
7030589656
7030625089
7038112877
7038978258
7057021392
7057025387
7057105472
7057278323
7057397647
7057631768
7057667369
7057985856
7058063999
7058214222
7058267478
7058295401
7058587856
7066232727
7076032740
7079099009
7083282101
7208401932
7218006119
7218422581
7219020134
7219357170
7219560222
7231097861
7248950599
7248994834
7249087077
7249772762
7249813609
7259197909
7259560118
7263036312
7276264496
7518899246
7558401162
7559134294
7559459780
7587520661
7588284503
7588297464
7588359039
7588744816
7607000760
7620209424
7620956956
7620972123
7448242007
7470964640
7498263470
7498711689
7499383139
7506694595
7506694595
7507200096
7507237415
7507324296
7507773467
7507835630
7517510606
7517562500
7276264496
7276593105
7276696501
7276718853
7276846509
7276873243
7350194086
7350517609
7378707987
7378783300
7378905880
7385330309
7387008821
7387951762
7397869747
7397903078
7409869661
7410596611
7415229090
7420877766
7420889296
7447274816
7447317960
7447380683
7447678831
7447855959
7666122755
7666507889
7666519305
7666559130
7666795271
7666814313
7666977837
7703886223
7707000909
7709115933
7709434926
7709725946
7709925677
7719985654
7720004066
7720079929
7722028304
7722051207
7735759807
7735850709
7741847959
7741953456
7743861208
7744861208
7744859172
7744898418
7744899719
7744909314
7755931597
7757001552
7758996817
7768022006
7769986996
7774000372
7774048114
7774049964
7774868000
7774919191
7774976406
8080626623
8080841189
8087020203
8087687938
8087728818
8087793663
8108879369
8123719708
8130671090
8149122309
8149456447
8180069050
8208238369
7776094951
7776836714
7778059843
7795178694
7796001182
7796874275
7798232233
7798400061
7798767975
7798790340
7820870530
7822878708
7823806526
7888296734
7897789888
7898389888
7898337900
7906722059
7972102525
7972231142
7972452860
7972475143
7972567155
7972604749
7977303899
7977477580
7982250754
7842411270
7863911206
7875360130
7875409432
7875570089
7875612334
7875867049
7887878020
7887985038
7887992299
7888043855
7888080194
7987477840
8000094594
8003327805
8007402003
8007444403
8007865475
8010799148
8010946139
8018370765
8055876086
8072115234
8077085275
8079072527
8208425734
8208517734
8208707992
8208974232
8224994148
8237162629
8237304474
8237493236
8249446485
8261931526
8269820557
8275230505
8275831854
8308307562
8308349999
8308441858
8308444198
8308456621
8308724336
8308770236
8308808889
8308834640
8308888753
8319747841
8328148120
8329118301
8329709070
8329801122
8329852443
8329984662
8340330552
8342953023
8376919455
8378095335
8378987389
8378990829
8379081404
8380075124
8390478353
8619356361
8623067799
8624906463
8652546419
8667228062
8668459166
8668558790
8668597722
8668824912
8668894241
8669164082
8669572984
8669821428
8390829076
8408096083
8412005932
8412008789
8412020216
8412033007
8421271943
8421514119
8421514119
8421514119
8421595229
8421619121
8421619121
8421683484
8421683484
8421696457
8421766942
8459336656
8459854939
8482957707
8482959626
8482965107
5454032428
8484084574
8484987159
8485844090
8485895415
8507295555
8530612601
8550915500
8551014004
8552828108
8552999777
8600227411
8600527450
8600939990
8602369449
8602543698
8605015370
8605272839
8605779506
8605854858
8617783448
8422002555
8446005941
8446303380
8446320669
8446392261
8446409774
8446419025
8446505325
8446765522
8446882321
8451963821
8459092565
8459285247
8698004698
8698652706
8698793729
8763645554
8766405851
8766476652
8766792994
8766938472
8767015880
8767154260
5767374581
8767974606
8767983438
8777379530
8788441805
8788506739
8788539641
8788565351
8788800616
879321735
8793402894
8793930731
8800282224
8804422011
8805190303
8805213331
8805442934
8805985682
8806023389
8806044222
8806084044
8806756152
8806882023
8806940848
8806950815
8815680443
8815854190
8828485845
8830359298
8830662342
8830705931
8855036277
8855841824
8879190767
8879480971
8879802068
8888116452
8888212907
8888393122
8888528119
8890592192
8917246994
9028861951
9048080008
9069010705
9049501300
9049700446
9049768101
9049768101
9049836333
9051700930
9067012267
9067012267
9067110697
9067606967
9075092727
9075093998
8999213778
8999599156
8999599156
8999766350
9005637719
9006129843
9007264990
9008352199
9011021606
9011045000
9011045000
9011090854
9011093136
9011698006
9011887143
9021005958
9021095741
9021522473
9021688404
9021833716
9021833716
9021911537
9022322270
9022683814
9022856556
9028042299
9028097046
9028159060
8956156171
8956648532
8968270801
8975144160
8975239439
8975039439
8975284880
8975295662
8975519300
8975583183
8975680086
8975959236
8983196243
8983636621
9075827824
9075873385
9082009543
9082155991
9096069065
9096166549
9096241457
9096263497
9109052340
9111154562
9112014852
9112047137
9112825274
9113549326
9116231036
9127472301
9130060023
9130072780
9130281298
9130595045
9130656248
9130761994
9130807591
9130947652
9131457226
9136508918
9145740045
9156176769
9156238803
9156288123
9156591706
9756617133
9156719927
9156751301
9158390373
9158744404
9166956705
9168367024
9172619203
9172875354
9175765224
9175948225
9225518876
9225617575
9226135565
9226158548
9226796796
9270740492
9271755433
9284066352
9284090014
9405331695
9405740409
9410240766
9414027676
9420013615
9420055044
9420072277
9420076718
9421615118
9421615118
9421633030
9421829439
9422220264
9370259141
9370347295
9370721356
9370725723
9372274150
9373630581
9373700829
9399080812
9403112345
9404231190
9404252500
9324390754
9324588368
9325259728
9325491479
9325499535
9326640071
9354082293
9359182392
9359282042
9359463537
9359700214
9359757564
9284171358
9284371498
9284844025
9301306606
9307215094
9307240672
9307611231
9307804114
9307941565
9309391192
9314077278
9322260732
9322449655
9834839880
9845078931
9849592878
9850475709
9850961901
9860027105
9860074409
9860334225
9860362485
9870889263
9872144444
9881143715
9881310000
9881719791
9881743044
9881981324
9890191380
9890265552
9890265552
9890605455
9890627102
9890865850
9891104333
9892706472
9902499824
9905838080
9823389442
9823486517
9823550487
9823632576
9823845458
9827130063
9827130063
9834214534
9834428716
9834585486
9834839880
9845078931
9849592878
9920534096
9920734256
9921510161
9921615398
99216788171
9921829010
9921858545
9922141529
9922426064
9922199100
9922551878
9922856291
9765939592
9579428879
7378667069
8983473197
7719906330
9623277055
7028277055
9921096804
7083538458
9730742959
7239877252
9423709327
9623993814
9969543676
9970923060
9975230020
9975488567
9975612791
9975647725
9978999624
9980594734
9999301033
9922904904
9922912807
9923127157
9923317578
9923422633
9923755001
9930441093
9960598769
9960598769
9960658356
9962246929
9969543676
9970923060
9637287308
7384699748
7049993700
9850311851
9890686385
8087628686
8237711440
8979504725
8275248377
7378868525
8459244213
9890653661
8160877495
7064169101
9146099575
9890826172
9325782464
9579800067
9423055964
7774019137
8010797560
9158573178
8766728433
9665710968
9623993814
9370476376
8421413965
9823443276
8669964661
8329150238
9175644420
9446860266
8484042588
8010257207
7741837454
9765590302
9096795882
8617251867
9403276678
9730176678
9730166521
8379034985
9673348787
7030175448
7219130123
7387197971
9604391386
9602470706
8793859926
8356056459
9158225459
7350626679
7350639423
7350734653
7358565955
7378917152
7387187380
7387208579
7387442055
7385889304
7387665888
7387749676
7387935312
7399558787
7722084952
7741955884
7743880742
7757051393
7758916775
7769989288
7770058301
7773928833
7775800082
7776834863
7798767975
7875605550
7875638463
8459113827
8459307064
8459356048
8484092546
8484865901
8504066008
8530049079
8550970015
8552070015
8552004740
8552880137
8554843308
8590834960
8600099379
8698044222
8698415784
8698559686
8698934858
8720800492
8767059310
8767197721
8770366025
8788009783
8788076401
8788120237
8788246352
8788497113
8149523229
8169400023
8180815697
8208329502
8208667284
8237204142
8237941017
8275041017
7275092575
8275242100
7308679242
8308684202
8308787433
8308845660
7888010000
7972149628
7974302962
8007402003
8017765255
8055888267
8076405636
8080598700
8087522123
8087607271
8087687938
8087764327
8103658390
8329983340
8337088851
8349983282
8378987992
8379015296
8379996495
8379997175
8380869549
8380896278
8390528020
8393935588
8408044553
8408854407
7620234204
7620991185
7666696096
7692806203
7709470044
7709734005
7709849287
7709970270
7719010678
7719879366
7719963520
7720004367
7722082822
7498310895
7498886773
7498929298
7499304391
7506468265
7507550081
7507647327
7507738899
7507960131
7517718973
7520548905
7522935593
8930442397
8956627368
8956690110
8983604133
9011001404
9021279562
9022035576
9024810947
9028114363
9028730962
9028869120
9028890555
8788497113
8788812119
8793123272
8793183283
8796934841
8799985517
8805977373
8806392092
8806882023
8813095577
8815854190
8855044145
9967559377
9967832336
9969543676
9970095472
9970506451
9970537701
9970977938
9975230020
9979207102
9986360658
9110503036
7057348145
7057541558
7057600635
7057933988
7066028150
7066094223
7066412555
7066924679
7095099090
7208243638
7219817416
7249522323
7304883144
7020121885
7020862776
7028244338
7028411902
7028731517
7030098353
7030112026
7030704164
7038772420
7038872420
7040195131
7042845550
8355998398
9730305179
8007437249
9420495626
8369397210
7376600368
9823668761
8328680399
8905152878
7021577268
7412898222
6397211557
7679800024
7588021528
9096811180
9021925686
9826578458
9404795669
9594564896
7415334269
7447769770
8329441057
8793602139
7262856677
9637653951
7774000633
8839682088
7768055112
8830099645
9168663361
9284839431
9136222545
7517716869
7892046351
7719976622
8459877169
8605909282
8983029540
8237513629
8087792520
8286310831
9420267719
9765008656
8830087817
9767342628
8605167067
7264925611
8626095359
9579854154
9623676443
9834123019
8888047008
9420482529
6290447137
9160438383
8806390698
7028003296
8955650687
8891978896
9763237865
8793445634
9881004843
7306255617
7389220847
6260962567
9762269747
9404272905
9011047018
9834182773
8698438369
9309316736
9309316739
9022325958
9665173757
8802888990
9766431974
9881456625
9021711810
7709391867
7350615543
9552574554
9881226688
7775983892
9552204498
8369277701
9130184880
8806862968
9559447599
8308962761
7058199015
9822956551
9764834499
9978311481
8805504497
8870380644
9545551455
9873171512
9011424272
8600115078
7709456680
9359030867
7738068792
9049029100
9307642735
7385685301
9921435363
8275326348
9422303641
9960379053
9960062342
8355941919
7038996881
7249049145
7743853052
9373077681
9073435580
9011031075
9028771084
9028771084
9096065546
9518908173
8208936730
8554051836
9405222362
7030382822
9130013751
7507088559
9822202239
9422005846
8208536279
8830742902
9146862696
9764783518
9584023684
8888812058
9970050603
9850202376
9175397428
9073435580
8554903874
9623100324
9923985978
9665600220
8989214799
8910319129
8087459306
8094021987
9900376300
7055775196
8007656960
8208978593
8888880388
9763084466
7321898124
9503600707
7304042490
9868224970
8983502441
9860966804
8999183148
9767417114
7350052340
7350638647
9823539727
9420900555
8888737107
8605104455
8605271419
9763347490
7385371353
8237308692
7156543947
7225871141
8959597972
8956668761
9503715163
7798962975
9545842494
8796938440
9881792289
9322287113
9096371207
9373532737
8421237682
9699490176
8446667854
9811091221
7709607959
8793429602
9404593583
8655891594
9325523369
9552847579
9545868531
8262935617
9665515287
9689904404
8240853060
9619319591
9158225459
9822750729
8788953908
9168717705
8806886254
9082729740
9158376263
9029767696
7385087975
8237191377
9890106899
9049912386
8928717976
7720904979
8815066166
842595584
9423924251
9325845270
9689134912
8562015920
9021198620
7218744257
9881097050
9423005533
8446513966
8007979657
9156896657
7020364272
8698285480
8888688885
9373732169
9168699605
8459372266
9860971543
8237203040
9356956678
7771850021
8551903225
7020932332
7249530958
8320464164
9423533276
9370378628
9426041418
9156733333
8105232666
8788067072
6265547950
9561884840
8879252557
7666982278
9664556718
9757513937
6260677236
6262418148
6283401185
6392700526
7000767440
7011659675
7020096207
7020252848
7020411011
7020567266
7020711004
7020932332
7020995766
7021260434
7024499886
7028018569
7028226955
7028413158
7028430035
7028782971
8028790776
7028920332
7030018893
7030282277
7030173600
7030515896
7030538047
7030880943
7038314630
7038346998
7038902338
7038951435
7040866265
7044274352
7045272336
7054382095
7057091988
7057095923
7057244011
7057378033
7057459109
7057573152
7058516693
7058571719
7066204924
7066222041
7066766333
7069335055
7083673242
7083678139
7083737507
7089711155
7208288630
7218006119
7219104552
7219284944
7219417715
7223985577
7249093634
7249291579
7249317100
7249537207
7249711970
7263059832
7276729982
7285852810
7304498204
7350011615
7350048111
7350080195
7350102770
7350291782
7350292874
7350517609
7350523995
7350644027
7350702586
7350926773
7350926773
7378450508
7385364737
7387608551
7387619319
7387657800
7387827820
7387837989
7389616963
7391959512
7397822620
7415235216
7415268232
7447312640
7447444020
7447583636
7447594003
7447746000
7447821774
7448072491
7448158038
7448158141
7448180389
7498897184
7498985878
7807169993
7507407498
7507444406
7507526768
7507781735
7507900306
7507917762
7507967708
7559211396
7587695474
7588080104
7588229635
7588253074
7588331265
758331478
7588403749
7588771775
7602575226
7620413979
7620229080
7620292662
7620957899
7637830170
7666638556
7671062954
7678084199
7698397340
7709027252
7709035672
7709151270
7709274478
7709297895
7709314972
7719007700
7719832857
7720049915
7720918781
7722000437
7738855089
7743880742
7744898415
7745049413
7756060683
7756855133
7758083053
7758916775
7758635106
7767014848
7767099914
7768994499
7769866368
7769964488
7774046781
774048739
7775911597
7775956693
7775910586
7796001182
7796355164
7798134166
7798242772
7798266241
7798520230
7798901949
7822005238
7822878708
7827675505
7841838262
7869789212
7875008018
7875047909
7875265608
7875409432
7875421400
7875567459
7875605550
7875752818
7887718797
7887821779
7887888928
7888295927
7898635769
7898761247
7899976640
7308497288
7970156394
7972026516
7972058681
7972102524
7972122389
7972393889
7981682851
7976367802
7976505685
7980080993
7987404578
7999439844
8007080402
8007402003
8007739458
8007866245
8010488651
8010741967
8010819989
8010835661
8010946139
8017443363
8073538212
8080257748
8080832641
8087381653
8087606416
8087628686
8087666355
8087700274
8087728818
8087738586
8087772269
8103691114
8109582102
8149340303
8149366190
8149369769
8149408608
8149467344
8149889963
8169827617
8180002263
8197437575
8208517734
8208590959
8208707992
8208779466
8208790150
8108816356
8210225647
8223921826
8224933737
8237304474
8237394541
8237613076
8237996512
8251076986
8253024530
8261931526
8263005831
8269162940
8275166877
8275230505
8275359463
8275802012
8275832434
8275864588
8290970390
8305196643
8308444198
8308770236
8308773901
8328182022
8329271244
8329449911
8329837355
8340561588
8376919455
8379996495
8380001748
8380075124
8380081315
8380890654
8381020580
8381022928
8390010944
8390075290
8390585174
8390646097
8390853572
8390952931
8407982620
8407985257
8408027679
8408838897
8408891317
8411849858
8411873711
8411986089
8412008789
8412910742
8421140986
8421152504
8421268612
8421503718
8421588249
8421766942
8421805405
8426090588
8446037430
8446262695
8446371908
8446409774
8446446077
8446448408
8446567543
8446667096
8446872758
8468807930
8468866066
8468887682
8469038983
8482904944
8482959626
8484092546
8484917051
8484987159
8485064060
8527455276
8530185527
8530615042
8530630906
8530726263
8530829551
8543030177
8544135066
8550925500
8550958479
8551085454
8551089849
8551947063
8554022727
8554754441
8554856390
8554962665
8554982188
8559030802
8600167653
8600197500
8600238597
8600241972
8600558598
8600948883
8605184245
8605254607
8605603391
8605622990
8605833638
8618549637
8624968895
8625008656
8625841517
8637721920
8668529848
8668578896
8668641565
8669433902
8669517809
8669974882
8669976297
8689804258
8697223627
8698200100
8698272888
8698282443
8718951001
8734024381
8766730026
8766920186
8766983624
8767097256
8767109806
8767239203
8767249482
8767326787
8767363539
8767698788
8767862546
8788617113
8793234234
8793349842
8793794760
8796127587
8796826730
5796967758
5799625822
8802497330
8805467928
8805539349
8805629330
8805789029
8805859074
8805875662
8805945864
8806000559
8806068280
8806075193
8806099779
8806166066
8806265559
8806605944
8806675275
8806861368
8824446466
8827718566
8830199980
8830453730
8830591688
8830705931
8830745704
8830868516
8830992730
8850111310
8879216358
8879690191
8888116452
8888212907
8888236927
8888406022
8888803546
8888818028
8889977385
8890592192
8928099463
8956354363
8961111801
8962360256
8975307141
8975452066
8975680086
8975758579
8975953989
8975958072
8978599993
8978921653
8983155749
8989792700
8999713221
9004889161
9007680904
9011053996
9011416300
9011545862
9011558999
9011830118
9011992431
9021688404
9021805443
9022410709
9022488896
9028296301
9028531277
9028535030
9028588077
9039975422
9044706111
9049008279
9049010475
9049570659
9049763589
9049776084
9058708423
9066349374
9073207161
9075120569
9075307987
9075758954
9075888506
9075978574
9082386189
9085865406
9096069065
9096187414
9096206846
9096430776
9096882274
9100230742
9103896144
9112279307
9113637471
9119531116
9121601206
9130055372
9130070110
9130115693
9130204298
9130290483
9130297838
9130595045
9130761994
9145203378
9145297928
9146023999
9146047414
9146074010
9146587848
9149084880
9156379255
9156379255
9156720779
9156751301
9156929930
9158001451
9158109363
9158252508
9158385213
9158424356
9158518881
9167421267
9168035634
9168276879
9168594775
9168704075
9168993472
9172190217
9172410431
9172462212
9172708749
9172840747
9175155054
9175886667
9175913800
9175990906
9179009613
9179734976
9209301555
9226959356
9260906733
9284330717
9284357884
9284504611
9284520882
9284554778
9305275044
9307462096
9309162164
9309373083
9309878615
9322231705
9322388121
9322489137
9322693314
9322778862
9324278796
9325165090
9325562950
9325888039
9354945187
9356029687
9356127152
9356281848
9359232969
9359447039
9359480533
9359524480
9359543272
9359651953
9359710151
9359980924
9370089577
9370248993
9370944914
9370994318
9371045214
9373890848
9380827797
9399620772
9403119411
9403361414
9404123801
9404294400
9404314554
9404498026
9405269675
9405524042
9405576780
9407001241
9414634946
9416205040
9420423068
9420480611
9420484024
9420743944
9421833356
9422396928
9422456699
9422516108
9422730163
9423221868
9423409461
9423983746
9460024670
9461443286
9503000945
9503018599
9503036300
9503036300
9503447801
9503481348
9503564939
9503622516
9511232302
9511710463
9511748903
9518329203
9518578803
9518952697
9518991228
9523205661
9527099819
9527123582
9527209257
9527557765
9527609912
9527690822
9527765982
9528880777
9530387253
9545001259
9545430859
9545785387
9545809089
9552090589
9552287820
9552309006
9552370109
9552502728
9552535812
9552559552
9552700869
9552831742
9557483875
9561019935
9561356101
9561435929
9561660183
9561922040
9561957449
9579217682
9579666663
9579668296
9579942966
9582212841
9585999703
9588655234
9588690327
9594126378
9594309421
9595548633
9595602647
9595670254
9604192144
9604452664
9604624588
9604791592
9604861656
9604864591
9604907520
9604912635
9607052887
9607223615
9619042120
9619153880
9619954367
9623027242
9623055151
9623160658
9637059127
9637523817
9637578567
9637649351
9637987814
9638450670
9653340547
9653340630
9657051195
9657497612
9657722929
9660117765
9660580179
9660995314
9660995314
9662515003
9665035677
9665349959
9665706952
9665962868
9673082619
9673082619
9673203256
9673334237
9673406838
9686407596
9689042200
9689060989
9689273184
9689661125
9689894822
9689923656
9700451262
9711974540
9721724502
9726322216
9727298645
9730216726
9730624909
9730668007
9755155475
9762035855
9762049610
9762229538
9762716220
9763054561
9763525004
9763655120
9763655120
9767142147
9764041658
9764206338
9764689365
9764763274
9764777500
9764995230
9765200800
9765379888
9765459904
9765490978
9765674777
9766049129
9766656265
9767515989
9769022909
9769300061
9799944688
9805602083
9818431058
9820399097
9822155874
9822210012
9822364629
9822379900
9822648358
9822650668
9822760101
9822763213
9822972105
9823009698
9823076536
9823210102
9823241416
9823313002
9823314996
9823370974
9823657691
9823660125
9823845458
9823886558
9826374705
9830652908
9833413298
9833500995
9834237137
9834237137
9834390744
9834420726
9834787051
9834824580
9835147400
9850125057
9850205093
9850695960
9850791900
9850898989
9860543216
9860732229
9860791578
9860906663
9869807264
9881007974
9771133925
9881190867
9881269671
9881336693
9881668350
9881714913
9881719791
9881783332
9881866228
9881900325
9890113371
9890317345
9890427700
9890635739
9890820267
9890955645
9892454181
9892681646
9903197226
9904267696
9921089586
9921234861
9921278156
9921497758
9921581773
9921926976
9921963967
9922168244
9922422493
9922554455
9922738656
9922932560
9922992754
9923271330
9923286681
9923545561
9923671260
9923879975
9923969410
9926382592
9930328558
9930719017
9940684913
9959691121
9960317172
9960472999
9962000001
9967278403
9970288758
9970944275
9975041184
9975148464
9975259636
9975393727
9975431445
9975431445
9975488567
9975622109
9975636448
9975638944
9975878544
9977558676
9978999624
9988392272
9989837274
9823334005
8482818261
9637701684
9131373970
8379040099
8805939880
7387877995
9552207762
7745048132
9834783368
7773902534
8149717388
8989810100
9644464597
9657831974
9657831974
9096823220
9021386812
7875483801
9028030379
9322759775
9322759775
9028030379
7888169511
8349684108
9588069518
8806403742
8308458512
7083550319
7058323740
8624071131
9422322255
7400081222
7498071177
7507683359
7559164239
7588233504
7588253074
7666922654
7720060678
7743988901
9823414608
9833781437
9850167563
9850488550
9860401464
9860475023
9860771600
9869855953
9881499133
9881563126
9923320122
9923434483
9923448000
9960069717
9960451797
9960838415
9967882888
9970071265
9970340413
9975249674
8275303936
8275802012
8308002266
8308223554
8329424222
8329801122
8378860201
8380009729
8380854279
8623871747
8669780923
8766008487
8767761018
8779696740
8796613183
8806713131
8830129854
8830191263
8830947627
7057952993
7058857388
7066727064
7218045579
7218314139
7219712064
7276150645
7276272678
7350026455
9021883935
9022738415
9022833567
9028130321
9028478741
9028512858
9028741235
9049234737
9049397952
8830947627
8888156987
8928769813
8975544422
8975606325
9011093136
9021321210
9021663010
9545380722
9552552019
9552573577
9552689321
9579258349
9604003428
9604525550
9604534470
9604676906
7798986451
8743017890
7843017890
7875442771
7875781517
7887569149
7888042611
8007258252
8007999264
8010350346
8390817082
8421507207
8446358536
8483954508
8484050573
8600101091
8600149468
8600733365
8605526747
8623871747
8080029080
8087602086
8149138026
8208423720
8237863262
8261083365
8263831002
8271018512
8275303936
7758989915
7758994492
7769942986
7769973994
7774005826
7774080393
7774803585
7774890130
7796732806
9405384905
9413666423
9422301781
9422323902
9422522275
9422773589
9503000945
9503133847
9527621287
9763264103
9764045478
9765180232
9765574826
9767721000
9819771232
9820387633
9822645892
9823090806
9823414608
9881563126
9890909007
9922897759
9922992321
9923320122
9923434483
9923448000
9960069717
9960451797
9960838415
9156289272
8158376263
9168513701
9172415907
9209391537
9309898740
9322072155
9322354015
9325796326
9326009729
9326653089
9356790586
9356945516
9359046037
9370440640
9373739985
9403479029
9405384905
9049397952
9049827107
9049873314
9067433178
9067847920
9109454027
9130828804
9145255457
9145411250
9156289272
7507387069
7972523206
7030230822
7038345279
7040334726
7057043033
7057357300
7257434376
7057957993
9619641794
9623263644
9623744158
9623912410
9657137222
9657434735
9669820866
9699286417
9732441060
9763364103
8668901891
9307183240
7410169666
7745006027
8378993132
9921096804
8623937711
9921615398
9270740492
9529744509
9511693126
9503016762
9638450670
7588793278
9664556718
9766908419
8208811022
8624077552
9145140403
8237162629
9921932573
9922856291
7058043375
9673456013
7767857787
9764552952
8882167505
9920726802
9623094084
9975907284
8530934141
7905498955
9764945684
9049010475
9987464744
8446713271
9850966342
9075827824
8879252557
8390687111
8390734748
8390896096
8390923854
8401406843
8407993176
8408058415
8411085995
8411085995
8412008807
8421116090
8446262695
8459342963
8459723284
9960769310
7756876747
9168007303
9096662496
7219712189
7028726604
9028044126
9822568377
8878753593
9011672341
8669317311
9765661844
7875991955
8468971097
8482947240
8483858225
8484055661
8485007778
8511466453
8511813889
8545083333
8550932007
8550999930
8551019178
8551934552
8552987857
8130671090
9922431821
7020579572
9518378336
9168301405
9850892166
9284090014
9754217237
8788107701
9302732897
8698733631
9158370204
9970968110
9972012604
9974602939
9975413543
9975728927
9981139154
9997019688
9998359561
9999301033
8554823866
8554925503
8554962665
8600044707
8600070160
8600227411
8600324712
8602000403
8602131938
8605112525
8605271419
8605589329
8605676208
9284522004
8600104626
9970381272
9890369921
7757045877
9359526133
9131401870
9423062217
9322643878
8329121326
7378669095
9561366219
8446447816
9960444729
9960468379
9962708688
9962714992
9969267269
9969361751
9966671075
9970566202
9970735496
9970968110
9972012604
9974602939
9975413543
8605707116
8605741275
8624096996
8624906463
8625813228
8655206384
8657544997
8668227841
8668587397
8668597722
8669164082
9889375202
8669661910
9922449258
9922551878
9922581003
9922674444
9922912807
9922913351
9922915066
9923004701
9923273355
9923360048
9923596991
9925130111
9925713088
9075397501
9923422633
9860168615
9970435111
8806549942
7030890214
7498182740
9518518496
9226135565
9172546580
9822415701
8600119065
9920927971
9890222096
9890325626
9890576225
9890865850
9892388001
9892634314
9905838080
9920525053
9920906223
9921989846
9922085745
9922111183
9922250734
9763911195
9406814155
8340451483
8007444403
8420938811
9964383009
9075360661
8600486220
9013053326
8805443124
7038489779
9028200523
8830988538
8669677854
8669780856
8686487171
8698105252
8698388656
8698483662
8698666555
8740017024
8747048631
8766405851
8766439620
8766805320
8766907579
8767295273
8767961971
8770128636
8788030851
8788138189
8788181011
8788193493
8788316080
8788429343
8788506739
8788794256
8793334095
8793374302
8484874867
7721026250
7447678831
6302259274
7000851875
7972919456
8793840041
7020857262
9763709625
8275583207
9973075938
8805467928
7387940622
9870986131
9874596348
9881063905
9881095990
9881156530
9881304881
9881310000
9881568369
9881701919
9881900257
9888713546
9890106923
9890124702
9834196895
8378039200
9428140164
8888868006
8888946090
8928794220
8956116573
8956422502
8956648532
8957804140
8963956662
8975013095
8975015992
8975073072
8975118100
8975144160
9770718928
9819883663
9820439082
9820880109
9821116357
9822016883
9822098400
9822289056
9822692715
9822741923
9822750729
9823260454
9823636264
8830404954
8855036277
8859844636
8871139919
8874223389
8888002442
8888242840
8888290639
8888398033
8888651755
8888811596
8888817517
8888826388
6003297689
6261349212
6264274253
6266942286
9268366933
8793621997
8796252879
8796374123
8805000932
8805056337
8805517485
8805647021
8806436292
8817301092
8818883069
8826547823
8830176323
8830309588
6281136248
6366220555
6375686320
6393443521
6394543197
7000144012
7020103414
7020508766
7020922614
7023899526
7024426438
7025062333
7028210170
9021381488
9021678787
9021815620
9022820869
9028014070
9028520977
9028664002
9028747793
9033331268
9049023214
9049169338
9049340111
9049414584
7028444945
7028633708
7028769276
7030110445
7030252388
7030453939
7030625026
7030723236
7032345680
7038187133
7038453988
7040099406
7045255124
9003839873
9010829053
9011001517
9011012210
9011078414
9011099484
9011272386
9011523102
9011613532
9011738805
9011761779
9011911720
9021005928
7045963422
7046642276
7057241192
7057607046
7058098350
7058148038
7058364487
7058934282
7058972809
7066003660
7066162909
7066850688
7066873450
9130342887
9130576985
9130656248
9130866782
9127782304
9140726094
91452176172
9145279998
9145635384
9146137827
9146150877
9146558873
9155892115
7083335931
7083503793
7083616897
7083912006
7205830764
7218081426
7218109480
7218829501
7219104552
7219510691
7219769745
7219781391
7224944332
9075906800
9082828992
9096100223
9096156965
9096528289
9096627038
9096785985
9096847938
9112143405
9112271993
9112316790
9112348473
9130084301
9049433327
9049643380
9049874233
9060792701
9067137681
9067226626
9067418835
9067559349
9075099555
9075120569
9075128248
9075248311
9075270703
7235042392
7249394599
7261905993
7262811995
7263016203
7263036312
7263983988
8264022622
7276222299
7276576511
7276596809
7276628801
7302201300
8975314771
8975488834
8975694825
8975803270
8983155749
8988377851
8983580367
8983626030
8989504969
8999073157
8999151380
8999352929
8999639797
9176618189
9179734976
9226916316
9265639913
9272075766
9284178153
9284182335
9284322423
9284408673
9284635530
9307795798
9309288909
9309293445
7304196126
7350279344
7350846783
7355321968
7356629347
7378402614
7378742491
7378928808
7385376902
7385521428
7387870866
7387361436
7391868453
9167604070
9167639830
9167784578
9167932655
9168188500
9168898232
9171249654
9172154821
9172385160
9172462212
9175481227
9175859271
9175948016
7398769747
7400129091
7410718383
7414933683
7415807141
7420908111
7447405577
7447466013
7447497292
7447655317
7447878525
7448116894
7499387241
9156139087
9156243896
9156296643
9156357846
9156592101
9156749599
9156891750
9158020264
9158416683
9158518881
9158607578
9167066627
9167313291
9404052375
9404231032
9404413107
9404953953
9405535293
9407553547
9408771041
9408853638
9414649962
9420493311
9420644691
9421722531
9422094350
7507350193
7507359175
7507918059
7517052999
7517301052
7558361007
7559342613
7580880603
7588202563
7588284503
7588288620
7588359059
7588770513
9365508881
9370624766
9372344473
9373246406
9373630581
9403299844
9403343738
9403360201
9403422063
9403620594
9403699715
9403866548
9404047169
7721053097
7721881533
7722037575
7722037903
7722040575
7728037124
7733867159
7733992222
7741090607
7743861208
7743988901
7744910776
7744971790
9309360618
9309507906
9325327151
9325592769
9325799836
9326166696
9326551484
9345818739
9356211636
9356484280
9359205815
9359621957
9359891818
9529395995
9535351450
9545426110
9545556151
9545653763
9545665557
9545968646
9549658884
9552020671
9552129777
9552151139
9552559666
9552583043
7702222419
7709410488
7709430812
7709434926
7709505564
7709668874
7718046123
7718073669
7719010678
7719837039
7719985654
7720079929
7720093839
9503734767
9508823928
9510481799
9511636416
9511752389
9511873961
9512604149
9518365571
9527045962
9527161152
9527447414
9527506844
9527621287
9588787900
7598672970
7620043965
7620213723
7620229080
7620280578
7620572166
7620701792
7666122755
7666388211
7666654424
7666701295
7692843278
9422193124
9422565725
9422987587
9423725600
9426671700
9444901308
9467777146
9470386689
9483660846
9503019581
9503022522
9503228928
9503670494
7875671474
7887526965
788847962
7894455407
7972188879
7972192168
7972454401
7972465402
7972707569
7975148985
7987086602
7987539699
7990773569
9552589532
9555498992
9559327312
9561230882
9561671960
9566053638
9579459370
9579626168
9579989510
9588427319
9595679111
9599874302
9604241088
9604249838
9604725778
9607048883
9607265207
9607341384
9619238509
9619539670
9619928207
9623626773
9630966078
9637895222
9637907770
9657051195
7776840096
7776859813
7776977734
7796693118
7798006089
7798076011
7798298784
7798529582
7798627645
7828695654
7843016127
7869113413
7875245135
9657113316
9567336409
9657436568
9657436568
7657470636
9657472817
9657683824
9657965191
9664989240
9665385245
9665948023
9669501777
9669582885
9670132875
9765388554
9765597509
9765634518
9766030592
9766044909
9766678739
9766686776
9766747966
9767012343
9767184868
9767231705
9767581742
9770235244
9752892825
9753763134
9757438876
9762506115
9762533905
9762542245
9763462997
9763489048
9763750957
9764237443
9764237443
9764438469
9765005734
9765341073
7757012665
7757014272
7757057174
7758903810
7762990183
7767821897
7767983160
7769973573
7769989682
7770029045
7774961054
7775834753
7775943579
8109684587
8149102867
8149310798
8170937562
8180099479
7191028579
8208040480
8208219811
8208292332
8208316044
8208363993
8208943950
8218257615
8055799766
8059583580
8078281652
8080043351
8080297933
8087392250
8087449455
8087601860
8087671273
8087698399
8101097278
8104321635
8105270782
8329913336
8340608424
8349441322
8355997858
8369374062
8376919455
8378095335
8380889068
8390017171
8390167715
8390209094
8390273917
7997066655
8007045991
8007288259
8007305218
8007337636
8007376934
8007640100
8007814060
8007911179
8001082209
8010688464
8050056198
8050091212
8308640307
8308699283
8308719774
8308776267
8308794173
8308927141
8317213625
8319918763
8328269140
8329442875
8329733654
8329852925
8329900843
